ID,M,k_max_up,k_max_down,fre,cond,cond_coarse,cond_partmax,cond_partmax_dyn
12,16,0,0,0.004194781153239453,6416862439263279.0,2802549213840522.5,711249.688140337,711249.688140337
12,16,0,1,0.00409685908675032,6416862439263279.0,3203339112940454.5,711249.688140337,1093185.2344997711
12,16,0,2,0.005094488458664445,6416862439263279.0,2682962434719624.5,711249.688140337,736812.9607769004
12,16,0,3,0.00631150661249246,6416862439263279.0,2902972828707920.0,711249.688140337,711242.0903894114
12,16,0,4,0.0005963345836474434,6416862439263279.0,2855262863921600.0,711249.688140337,572055.739632615
12,16,0,5,0.0033482503826460304,6416862439263279.0,2481182836312462.0,711249.688140337,511931.56358581345
12,16,1,0,0.002648903421325915,6416862439263279.0,2936785000410065.0,711249.688140337,3325433.41780268
12,16,1,1,0.004194781153239453,6416862439263279.0,2802549213840522.5,711249.688140337,711249.688140337
12,16,1,2,0.004096862969999816,6416862439263279.0,3203339112963287.0,711249.688140337,709620.6712232435
12,16,1,3,0.0050945120336866115,6416862439263279.0,2682962434739564.0,711249.688140337,736812.9607769004
12,16,1,4,0.0063115331286373744,6416862439263279.0,2902972828728446.5,711249.688140337,711242.0903894114
12,16,1,5,0.0005963079794490509,6416862439263279.0,2855262863941582.0,711249.688140337,572055.739632615
12,16,2,0,0.008659947901999946,6416862439263279.0,3491118338275127.5,711249.688140337,4795461.129666785
12,16,2,1,0.002655240889213125,6416862439263279.0,2936785013659463.0,711249.688140337,9023795.148623979
12,16,2,2,0.004194781153239453,6416862439263279.0,2802549213840522.5,711249.688140337,711249.688140337
12,16,2,3,0.004096832885433857,6416862439263279.0,3203441437653414.0,711249.688140337,4795461.129666785
12,16,2,4,0.005094546745880899,6416862439263279.0,2683049996602413.0,711249.688140337,4795461.129666785
12,16,2,5,0.006311561110799673,6416862439263279.0,2903066123262890.5,711249.688140337,4795461.129666785
12,16,3,0,0.00638552619197381,6416862439263279.0,3579523081233081.5,711249.688140337,5791256.936033716
12,16,3,1,0.008656244161887474,6416862439263279.0,3491118349422217.0,711249.688140337,13012817.709212605
12,16,3,2,0.002648903421324516,6416862439263279.0,2936785009406272.5,711249.688140337,3325433.41780268
12,16,3,3,0.004194746596352866,6416862439263279.0,2802549213839990.5,711249.688140337,711249.688140337
12,16,3,4,0.004096855503213267,6416862439263279.0,3203441061234180.0,711249.688140337,5791256.936033716
12,16,3,5,0.005094524601301332,6416862439263279.0,2683049674721733.5,711249.688140337,5791256.936033716
12,16,4,0,0.01046025175291569,6416862439263279.0,3321636986094096.0,711249.688140337,5810975.552435617
12,16,4,1,0.006385761334929901,6416862439263279.0,3585710681890662.5,711249.688140337,15714978.97165383
12,16,4,2,0.008664312813819507,6416862439263279.0,3491118341406780.0,711249.688140337,4795461.129666785
12,16,4,3,0.002648889548799429,6416862439263279.0,2936785006513318.5,711249.688140337,3325433.41780268
12,16,4,4,0.004194713074971147,6416862439263279.0,2802549213003584.0,711249.688140337,711249.688140337
12,16,4,5,0.004096836871712337,6416862439263279.0,3203387899591599.5,711249.688140337,5810975.552435617
12,16,5,0,0.003220982898379832,6416862439263279.0,3624154488653175.0,711249.688140337,5854181.549678078
12,16,5,1,0.010460098274764384,6416862439263279.0,3541085920898076.5,711249.688140337,15768486.810359579
12,16,5,2,0.006385526191928892,6416862439263279.0,3579523039749322.5,711249.688140337,5791256.936033716
12,16,5,3,0.008658258018821217,6416862439263279.0,3491118339513626.0,711249.688140337,4795461.129666785
12,16,5,4,0.002655243602043579,6416862439263279.0,2936785010751277.0,711249.688140337,3325433.41780268
12,16,5,5,0.004194757795188567,6416862439263279.0,2802549213037675.0,711249.688140337,711249.688140337
12,17,0,0,0.008824500461463453,6416862439263279.0,2836466976217799.0,16932877.934560742,16932877.934560742
12,17,0,1,0.002959814916406841,6416862439263279.0,2578516606919620.0,16932877.934560742,18995567.487725455
12,17,0,2,0.003215214040584608,6416862439263279.0,2766982362542787.0,16932877.934560742,18262003.875934433
12,17,0,3,0.0031901465226088247,6416862439263279.0,2854515093672776.0,16932877.934560742,18047976.120146297
12,17,0,4,0.0056658113484054935,6416862439263279.0,2793006864533936.5,16932877.934560742,18881085.677719556
12,17,0,5,0.0070235376537900055,6416862439263279.0,2963418836247911.5,16932877.934560742,19696014.24871735
12,17,1,0,0.003367414068989875,6416862439263279.0,2930075848875194.0,16932877.934560742,14820912.909138383
12,17,1,1,0.008506373794759657,6416862439263279.0,2833889709963236.5,16932877.934560742,16932877.934560742
12,17,1,2,0.0072599050020735485,6416862439263279.0,2576173667655945.5,16932877.934560742,18995567.487725455
12,17,1,3,0.007829185444529402,6416862439263279.0,2764468469429439.0,16932877.934560742,18262003.875934433
12,17,1,4,0.007548656670011576,6416862439263279.0,2851921120772939.0,16932877.934560742,18047976.120146297
12,17,1,5,0.008513335996694531,6416862439263279.0,2790559460680999.5,16932877.934560742,18881085.677719556
12,17,2,0,0.0006027935022487634,6416862439263279.0,2946892121079522.5,16932877.934560742,18439691.84925543
12,17,2,1,0.003420983014830832,6416862439263279.0,2930081518972197.0,16932877.934560742,14820912.909138383
12,17,2,2,0.005176703349260699,6416862439263279.0,2833895283783422.0,16932877.934560742,16932877.934560742
12,17,2,3,0.0026866206879490526,6416862439263279.0,2576178695802635.5,16932877.934560742,18995567.487725455
12,17,2,4,0.0038908313019723854,6416862439263279.0,2764473637877598.0,16932877.934560742,18262003.875934433
12,17,2,5,0.0033469990296018815,6416862439263279.0,2851926455186492.0,16932877.934560742,18047976.120146297
12,17,3,0,0.006203071162160115,6416862439263279.0,2677838535166322.0,16932877.934560742,30132779.150456775
12,17,3,1,0.0005409161199966377,6416862439263279.0,2946903177903336.0,16932877.934560742,21293701.007300496
12,17,3,2,0.0033674140689899097,6416862439263279.0,2930092528229562.0,16932877.934560742,14820912.909138383
12,17,3,3,0.005195531484326222,6416862439263279.0,2833910127304530.0,16932877.934560742,16932877.934560742
12,17,3,4,0.0027025207229319005,6416862439263279.0,2621314268313087.0,16932877.934560742,18995567.487725455
12,17,3,5,0.0038908313019697027,6416862439263279.0,2764484258523018.5,16932877.934560742,18262003.875934433
12,17,4,0,0.008686935584058956,6416862439263279.0,2693841459621681.5,16932877.934560742,152212082.8365529
12,17,4,1,0.006306048328503871,6416862439263279.0,2658092459657537.0,16932877.934560742,34796589.60646187
12,17,4,2,0.0006010260095816361,6416862439263279.0,2946903550723924.0,16932877.934560742,22697645.475309633
12,17,4,3,0.0033674140689898724,6416862439263279.0,2930092955991697.5,16932877.934560742,14820912.909138383
12,17,4,4,0.005230938865909234,6416862439263279.0,2833906372440052.5,16932877.934560742,16932877.934560742
12,17,4,5,0.0026422616768716537,6416862439263279.0,2576188837955930.5,16932877.934560742,18995567.487725455
12,17,5,0,0.00823177843124469,6416862439263279.0,2723337824271180.0,16932877.934560742,16932877.934560742
12,17,5,1,0.005412447572989892,6416862439263279.0,2693775186302088.0,16932877.934560742,18995567.487725455
12,17,5,2,0.006285429965528717,6416862439263279.0,2802668233565498.5,16932877.934560742,18262003.875934433
12,17,5,3,0.0007083687726475584,6416862439263279.0,2946888868462337.0,16932877.934560742,18047976.120146297
12,17,5,4,0.0034210065185747416,6416862439263279.0,2930078353766196.0,16932877.934560742,11564083.122208307
12,17,5,5,0.0051068104003217625,6416862439263279.0,2833892029342822.5,16932877.934560742,10787399.462138714
12,18,0,0,0.0049575924180779935,6416862439263279.0,2750431044883919.5,19957169.357462108,19957169.357462108
12,18,0,1,0.01291005240659498,6416862439263279.0,3526703120670113.5,19957169.357462108,20984423.2512241
12,18,0,2,0.012154127401588881,6416862439263279.0,3763908674869397.5,19957169.357462108,20387924.917980123
12,18,0,3,0.015797760120801266,6416862439263279.0,3673941488994896.0,19957169.357462108,20752280.36616007
12,18,0,4,0.00023368114327639082,6416862439263279.0,3597220776177326.5,19957169.357462108,20663149.365874168
12,18,0,5,0.007790212509848498,6416862439263279.0,3974467075992267.5,19957169.357462108,20592450.166159578
12,18,1,0,0.0027692374398905198,6416862439263279.0,3259658941877498.0,19957169.357462108,18443560.02276349
12,18,1,1,0.0049575924180779935,6416862439263279.0,2750431044883919.5,19957169.357462108,19957169.357462108
12,18,1,2,0.01291005240659498,6416862439263279.0,3526703120670113.5,19957169.357462108,20984423.2512241
12,18,1,3,0.012154187063916097,6416862439263279.0,3978523236653478.0,19957169.357462108,20387924.917980123
12,18,1,4,0.015797760120801266,6416862439263279.0,3673941488960781.0,19957169.357462108,20752280.36616007
12,18,1,5,0.003316169984964156,6416862439263279.0,3597220776470843.5,19957169.357462108,20663149.365874168
12,18,2,0,0.0029811602046510336,6416862439263279.0,2951806176001720.0,19957169.357462108,20247990.53442714
12,18,2,1,0.0023492139922149666,6416862439263279.0,3440313908108372.0,19957169.357462108,18443560.02276349
12,18,2,2,0.0049575924180779935,6416862439263279.0,2750431044883919.5,19957169.357462108,19957169.357462108
12,18,2,3,0.012909903250774369,6416862439263279.0,3526703119721638.0,19957169.357462108,20984423.2512241
12,18,2,4,0.012154187063916097,6416862439263279.0,3982026061772608.0,19957169.357462108,20387924.917980123
12,18,2,5,0.015797760120801266,6416862439263279.0,3673941488935456.5,19957169.357462108,20752280.36616007
12,18,3,0,0.0035213269432395216,6416862439263279.0,2943610317367442.5,19957169.357462108,19553669.49075517
12,18,3,1,0.002877228265784639,6416862439263279.0,3536658301630492.0,19957169.357462108,20247990.53442714
12,18,3,2,0.004835633124476706,6416862439263279.0,3805197717297683.5,19957169.357462108,18443560.02276349
12,18,3,3,0.0049575924180779935,6416862439263279.0,2750431044883919.5,19957169.357462108,19957169.357462108
12,18,3,4,0.012909903250774369,6416862439263279.0,3526703119721639.0,19957169.357462108,20984423.2512241
12,18,3,5,0.012154187063916097,6416862439263279.0,3982026061772610.5,19957169.357462108,20387924.917980123
12,18,4,0,0.0052867840847052264,6416862439263279.0,2784202600446320.5,19957169.357462108,17199673.17479582
12,18,4,1,0.0024989097065350315,6416862439263279.0,3526843945006570.0,19957169.357462108,19553669.49075517
12,18,4,2,0.002947375301287069,6416862439263279.0,3911761395446693.0,19957169.357462108,20247990.53442714
12,18,4,3,0.011225013461741306,6416862439263279.0,3674280024690672.0,19957169.357462108,18443560.02276349
12,18,4,4,0.0049575924180779935,6416862439263279.0,2750431044883919.5,19957169.357462108,19957169.357462108
12,18,4,5,0.012909903250774369,6416862439263279.0,3526703119721641.0,19957169.357462108,20984423.2512241
12,18,5,0,0.005453076739437794,6416862439263279.0,2855379810058817.0,19957169.357462108,15889433.723060297
12,18,5,1,0.013524819172148395,6416862439263279.0,3162426090656872.5,19957169.357462108,17199673.17479582
12,18,5,2,0.00048452736619237824,6416862439263279.0,3904714613810906.5,19957169.357462108,19553669.49075517
12,18,5,3,0.0029461223912367355,6416862439263279.0,3798846162739861.0,19957169.357462108,20247990.53442714
12,18,5,4,0.011249713704431804,6416862439263279.0,3584070263033209.0,19957169.357462108,18443560.02276349
12,18,5,5,0.0049575924180779935,6416862439263279.0,2750431044883919.5,19957169.357462108,19957169.357462108
12,19,0,0,0.002607636707256336,6416862439263279.0,3153233118552196.5,20765253.175741818,20765253.175741818
12,19,0,1,0.007033037731879841,6416862439263279.0,3561268633454693.5,20765253.175741818,20663293.349722695
12,19,0,2,0.003880877782543957,6416862439263279.0,3912089300616628.0,20765253.175741818,20592459.965654384
12,19,0,3,0.015827008107926144,6416862439263279.0,3246412833181588.5,20765253.175741818,20765547.767424572
12,19,0,4,0.007826474948193834,6416862439263279.0,2981344665156613.0,20765253.175741818,20765551.061651297
12,19,0,5,0.011867377986951713,6416862439263279.0,3213922466197797.5,20765253.175741818,20765641.559915666
12,19,1,0,0.008874221224189705,6416862439263279.0,2738990975797696.5,20765253.175741818,20819738.793121636
12,19,1,1,0.002607636707256336,6416862439263279.0,3153233118552196.5,20765253.175741818,20765253.175741818
12,19,1,2,0.007033037731879841,6416862439263279.0,3561268633454693.5,20765253.175741818,20663293.349722695
12,19,1,3,0.003880877782543957,6416862439263279.0,3912089300616631.0,20765253.175741818,20592459.965654384
12,19,1,4,0.015826760444032913,6416862439263279.0,3458544072096284.0,20765253.175741818,20833049.322081167
12,19,1,5,0.008758183859439807,6416862439263279.0,3469966578741073.5,20765253.175741818,20833052.627016302
12,19,2,0,0.012928868444822775,6416862439263279.0,3483242356743143.5,20765253.175741818,21721595.054234426
12,19,2,1,0.008874221224189705,6416862439263279.0,2738990975797696.5,20765253.175741818,20819738.793121636
12,19,2,2,0.002607636707256336,6416862439263279.0,3153233118552196.5,20765253.175741818,20765253.175741818
12,19,2,3,0.0070330563763392326,6416862439263279.0,3561269044310241.5,20765253.175741818,20663293.349722695
12,19,2,4,0.003880833734914949,6416862439263279.0,3912089754402548.5,20765253.175741818,20592459.965654384
12,19,2,5,0.01582676044149011,6416862439263279.0,3653920647424853.0,20765253.175741818,22195837.14083886
12,19,3,0,0.0024913205784666687,6416862439263279.0,3656059147379776.5,20765253.175741818,22180381.776855752
12,19,3,1,0.0029417445051581727,6416862439263279.0,3852681392165385.5,20765253.175741818,21721595.054234426
12,19,3,2,0.008874221224189809,6416862439263279.0,2738990972587710.5,20765253.175741818,20819738.793121636
12,19,3,3,0.0026076367072552648,6416862439263279.0,3423158085893469.0,20765253.175741818,20765253.175741818
12,19,3,4,0.007033082478528728,6416862439263279.0,3561268632526435.0,20765253.175741818,20663293.349722695
12,19,3,5,0.0038808213829267177,6416862439263279.0,3912089299374006.5,20765253.175741818,20592459.965654384
12,19,4,0,0.0022917590791234747,6416862439263279.0,3383878851345312.0,20765253.175741818,20394599.84202508
12,19,4,1,0.00048558929014592175,6416862439263279.0,4043826694455227.5,20765253.175741818,22180381.776855752
12,19,4,2,0.002941744505156888,6416862439263279.0,3674267376738066.5,20765253.175741818,21721595.054234426
12,19,4,3,0.008874221224211049,6416862439263279.0,2738990972250331.5,20765253.175741818,20819738.793121636
12,19,4,4,0.0026076367072418146,6416862439263279.0,3153233114502745.0,20765253.175741818,20765253.175741818
12,19,4,5,0.007033037731877331,6416862439263279.0,3561268632348415.5,20765253.175741818,20663293.349722695
12,19,5,0,0.002761781479048437,6416862439263279.0,3441262367067933.0,20765253.175741818,20398290.410438154
12,19,5,1,0.0019061608484325834,6416862439263279.0,3742780109850014.5,20765253.175741818,20394599.84202508
12,19,5,2,0.01653716718960256,6416862439263279.0,3798843289559824.0,20765253.175741818,22180381.776855752
12,19,5,3,0.013113495174000083,6416862439263279.0,3628793088282946.5,20765253.175741818,21721595.054234426
12,19,5,4,0.008874221224151118,6416862439263279.0,2738990971870256.0,20765253.175741818,20819738.793121636
12,19,5,5,0.002607338395332355,6416862439263279.0,3153233114338571.5,20765253.175741818,20765253.175741818
12,20,0,0,0.0003013842107495872,6416862439263279.0,2852082844616903.0,19303605.075754937,19303605.075754937
12,20,0,1,0.002482629716280458,6416862439263279.0,3776148036342321.0,19303605.075754937,10699830.381981801
12,20,0,2,0.007754369301979181,6416862439263279.0,3863140029933103.5,19303605.075754937,19303736.139587242
12,20,0,3,0.007016834477192646,6416862439263279.0,3674039151694449.0,19303605.075754937,19303605.075754937
12,20,0,4,0.012186441430321781,6416862439263279.0,3354360814106813.0,19303605.075754937,19303605.075754937
12,20,0,5,0.008293500864860899,6416862439263279.0,3630768731371118.0,19303605.075754937,19303605.075754937
12,20,1,0,0.008068485949750166,6416862439263279.0,3250923692709345.5,19303605.075754937,19303602.01344989
12,20,1,1,0.0003013842116355846,6416862439263279.0,2852082614421101.0,19303605.075754937,10699783.751297358
12,20,1,2,0.002482629714583823,6416862439263279.0,3776148310211253.5,19303605.075754937,19303689.20271841
12,20,1,3,0.0077543924327971355,6416862439263279.0,3863140029961792.5,19303605.075754937,19303602.01344989
12,20,1,4,0.00701686422100076,6416862439263279.0,3674039110481969.0,19303605.075754937,19303602.01344989
12,20,1,5,0.012186414890984385,6416862439263279.0,3313352403543615.0,19303605.075754937,19303602.01344989
12,20,2,0,0.005363718967088946,6416862439263279.0,2738979149951444.0,19303605.075754937,19303471.856257174
12,20,2,1,0.013361046317418551,6416862439263279.0,3170618811362875.5,19303605.075754937,10699782.053894116
12,20,2,2,0.0003013842107495872,6416862439263279.0,2852082844616931.5,19303605.075754937,19303605.075754937
12,20,2,3,0.0024825993589982706,6416862439263279.0,3776148312017832.0,19303605.075754937,19303471.856257174
12,20,2,4,0.007754426925115946,6416862439263279.0,3863140029669952.0,19303605.075754937,19303471.856257174
12,20,2,5,0.007016908268637824,6416862439263279.0,3674039096162002.5,19303605.075754937,19303471.856257174
12,20,3,0,0.0018404942001226138,6416862439263279.0,2782584300227761.5,19303605.075754937,19303462.67016323
12,20,3,1,0.013606297327034061,6416862439263279.0,2921870001140748.0,19303605.075754937,10699709.909141343
12,20,3,2,0.0004881730509851059,6416862439263279.0,3506899607943921.5,19303605.075754937,19303602.01344989
12,20,3,3,0.00030134542142233627,6416862439263279.0,2852082844616325.0,19303605.075754937,19303462.67016323
12,20,3,4,0.002482625927425935,6416862439263279.0,3776148312000855.5,19303605.075754937,19303462.67016323
12,20,3,5,0.007754401521961963,6416862439263279.0,3863140029652787.0,19303605.075754937,19303462.67016323
12,20,4,0,0.003085652666498024,6416862439263279.0,2861370347333016.0,19303605.075754937,19303328.16174784
12,20,4,1,0.0028153698399425698,6416862439263279.0,3446223863184900.5,19303605.075754937,10699704.8173868
12,20,4,2,0.0018500250385570392,6416862439263279.0,3231763717074607.0,19303605.075754937,19303471.856257174
12,20,4,3,0.0004881596502677293,6416862439263279.0,3664436203563451.0,19303605.075754937,19303328.16174784
12,20,4,4,0.0003012969457003894,6416862439263279.0,2852082844623824.0,19303605.075754937,19303328.16174784
12,20,4,5,0.0024826147406991884,6416862439263279.0,3776148311963870.5,19303605.075754937,19303328.16174784
12,20,5,0,0.0030700325948758113,6416862439263279.0,2877895507621409.0,19303605.075754937,19291268.669941153
12,20,5,1,0.003288977596261684,6416862439263279.0,3563103499107525.5,19303605.075754937,10699630.260797417
12,20,5,2,0.0013199174928225183,6416862439263279.0,3687511107190503.0,19303605.075754937,19303462.67016323
12,20,5,3,0.0018500737473089314,6416862439263279.0,3636342516092008.0,19303605.075754937,19291268.669941153
12,20,5,4,0.016532041097160603,6416862439263279.0,3303106299715102.5,19303605.075754937,19291268.669941153
12,20,5,5,0.0003013416925398967,6416862439263279.0,2852082844627692.5,19303605.075754937,19291268.669941153
12,21,0,0,0.005679915481649182,6416862439263279.0,2603102665838944.0,2762467.545129232,2762467.545129232
12,21,0,1,0.007074563155805228,6416862439263279.0,2765058488807984.0,2762467.545129232,4628986.1874310905
12,21,0,2,0.0018572360226773326,6416862439263279.0,3143506278082105.5,2762467.545129232,4639662.583815362
12,21,0,3,0.00044824828112372754,6416862439263279.0,2771079936647415.0,2762467.545129232,4844146.728751406
12,21,0,4,0.00843413921609881,6416862439263279.0,2853844501201500.5,2762467.545129232,5154823.263770783
12,21,0,5,0.0063580230745465295,6416862439263279.0,2988148780067990.5,2762467.545129232,5593265.749642331
12,21,1,0,0.00335266500431282,6416862439263279.0,2868303399231594.5,2762467.545129232,1295678.1234130256
12,21,1,1,0.005219305098975209,6416862439263279.0,2600737390846258.5,2762467.545129232,2762467.545129232
12,21,1,2,0.00668591917575951,6416862439263279.0,2762546074969866.5,2762467.545129232,4628986.1874310905
12,21,1,3,0.0023984368134227453,6416862439263279.0,3140650260472303.5,2762467.545129232,4639662.583815362
12,21,1,4,0.0006200221495744544,6416862439263279.0,2774020226922611.0,2762467.545129232,4844146.728751406
12,21,1,5,0.007982847843732578,6416862439263279.0,2859082480610077.0,2762467.545129232,5154823.263770783
12,21,2,0,0.0038719732405015665,6416862439263279.0,2857916653462850.5,2762467.545129232,1446778.6078002634
12,21,2,1,0.0033524112734343863,6416862439263279.0,2868308998630992.5,2762467.545129232,1295678.1234130256
12,21,2,2,0.005234950223059692,6416862439263279.0,2600742466922534.5,2762467.545129232,2762467.545129232
12,21,2,3,0.006700623327315869,6416862439263279.0,2762552007403412.0,2762467.545129232,4628986.1874310905
12,21,2,4,0.002382811619364623,6416862439263279.0,3140661485664831.0,2762467.545129232,4639662.583815362
12,21,2,5,0.000593138479607616,6416862439263279.0,2761373840425066.5,2762467.545129232,4844146.728751406
12,21,3,0,0.002715002194913088,6416862439263279.0,2621281823293885.5,2762467.545129232,809884.6537203437
12,21,3,1,0.003888052908678785,6416862439263279.0,2857926913880640.5,2762467.545129232,1078139.3300899435
12,21,3,2,0.0033366394156472572,6416862439263279.0,2868319538149639.0,2762467.545129232,1295678.1234130256
12,21,3,3,0.005266873714872057,6416862439263279.0,2648419593823865.5,2762467.545129232,2762467.545129232
12,21,3,4,0.006780293176010085,6416862439263279.0,2762561931664749.5,2762467.545129232,4628986.1874310905
12,21,3,5,0.0022869369007218524,6416862439263279.0,3140672759541131.0,2762467.545129232,4639662.583815362
12,21,4,0,0.005195324712982232,6416862439263279.0,2561936652225317.5,2762467.545129232,2762467.977715848
12,21,4,1,0.0027153387247077676,6416862439263279.0,2533308228828081.0,2762467.545129232,809884.6537203437
12,21,4,2,0.003919681747837319,6416862439263279.0,2857927332340320.5,2762467.545129232,1078139.3300899435
12,21,4,3,0.0033683346007460967,6416862439263279.0,2868319958807942.0,2762467.545129232,1295678.1234130256
12,21,4,4,0.005234950223059447,6416862439263279.0,2600753488195866.5,2762467.545129232,2762467.545129232
12,21,4,5,0.006747687661597984,6416862439263279.0,2762562338032272.5,2762467.545129232,4628986.1874310905
12,21,5,0,0.0032853281897916777,6416862439263279.0,2953374177138540.5,2762467.545129232,2762467.545129232
12,21,5,1,0.0050876292698319074,6416862439263279.0,2613858903210630.5,2762467.545129232,4628986.1874310905
12,21,5,2,0.0026350899346080764,6416862439263279.0,2792778162789996.5,2762467.545129232,809884.6238066996
12,21,5,3,0.003979219082962294,6416862439263279.0,2857912948622118.5,2762467.545129232,1078138.1908977502
12,21,5,4,0.003424729117336729,6416862439263279.0,2868305524206788.0,2762467.545129232,1295635.322047424
12,21,5,5,0.00517466683569732,6416862439263279.0,2600745306436408.5,2762467.545129232,2762406.4342112374
12,22,0,0,0.005121463984695583,6416862439263279.0,2517274606787284.5,24888351.56318897,24888351.56318897
12,22,0,1,0.0026352021911413667,6416862439263279.0,2743482629654454.5,24888351.56318897,228417022.44768164
12,22,0,2,0.0038729717168607836,6416862439263279.0,2729351875504481.5,24888351.56318897,20538913.20524994
12,22,0,3,0.0034144516207114074,6416862439263279.0,2470460578142736.0,24888351.56318897,14242798.868324926
12,22,0,4,0.005255017262252551,6416862439263279.0,2470413772963395.0,24888351.56318897,5725942.274241688
12,22,0,5,0.007075406996013782,6416862439263279.0,3164998344292462.5,24888351.56318897,24888351.56318897
12,22,1,0,0.0033860301049662587,6416862439263279.0,2646578008228754.5,24888351.56318897,15885729.292509424
12,22,1,1,0.005121463984695583,6416862439263279.0,2517274606787284.5,24888351.56318897,24888351.56318897
12,22,1,2,0.0026352110639838,6416862439263279.0,2743482629653779.0,24888351.56318897,15714978.97165383
12,22,1,3,0.0038726814008287033,6416862439263279.0,2766471607331290.5,24888351.56318897,13012817.709212605
12,22,1,4,0.003414162983118104,6416862439263279.0,2613700926565609.5,24888351.56318897,9023795.148623979
12,22,1,5,0.005255014170875489,6416862439263279.0,2613651093564656.0,24888351.56318897,5725945.94816677
12,22,2,0,0.000626481701496799,6416862439263279.0,2865802168865023.0,24888351.56318897,25710721.027542405
12,22,2,1,0.003386023316000595,6416862439263279.0,2646578008229405.5,24888351.56318897,230898876.22176027
12,22,2,2,0.005121463984695583,6416862439263279.0,2517274606787312.0,24888351.56318897,24888351.56318897
12,22,2,3,0.0026352168797995758,6416862439263279.0,2743482629653076.5,24888351.56318897,24803896.92165721
12,22,2,4,0.003872971716912997,6416862439263279.0,2774069597640799.0,24888351.56318897,20538913.20524994
12,22,2,5,0.003414451620729663,6416862439263279.0,2677342241900171.5,24888351.56318897,14242798.868324926
12,22,3,0,0.006430729774260055,6416862439263279.0,2872155483882342.5,24888351.56318897,26928213.56305501
12,22,3,1,0.0006197852723194701,6416862439263279.0,2865802168925815.0,24888351.56318897,236767890.16820738
12,22,3,2,0.00338683526274386,6416862439263279.0,2646578008225897.0,24888351.56318897,25073402.427543435
12,22,3,3,0.00511986041170792,6416862439263279.0,2517274607064045.5,24888351.56318897,24888351.56318897
12,22,3,4,0.0026486905441367656,6416862439263279.0,2743482629973970.0,24888351.56318897,24803896.92165721
12,22,3,5,0.0038652490068381137,6416862439263279.0,2759283409509493.0,24888351.56318897,20538913.20524994
12,22,4,0,0.005275224458248885,6416862439263279.0,2921685724163297.5,24888351.56318897,26978681.981007673
12,22,4,1,0.006430718155099713,6416862439263279.0,2872155483924728.5,24888351.56318897,247979677.6016383
12,22,4,2,0.0006081973182345655,6416862439263279.0,2865802168864447.5,24888351.56318897,25710721.027542405
12,22,4,3,0.003385085633866205,6416862439263279.0,2646578008530560.5,24888351.56318897,25073402.427543435
12,22,4,4,0.00511993648255339,6416862439263279.0,2517274607073918.0,24888351.56318897,24888351.56318897
12,22,4,5,0.0026540824441408195,6416862439263279.0,2743482629851161.0,24888351.56318897,24803896.92165721
12,22,5,0,0.004276325849744206,6416862439263279.0,2323600675322841.0,24888351.56318897,26987175.53236981
12,22,5,1,0.005275210551208638,6416862439263279.0,2921685724204866.0,24888351.56318897,248444437.06231612
12,22,5,2,0.006430729774260055,6416862439263279.0,2872155808091148.0,24888351.56318897,26928213.56305501
12,22,5,3,0.0006032466290455145,6416862439263279.0,2865802169195551.0,24888351.56318897,25710721.027542405
12,22,5,4,0.0033808621817590346,6416862439263279.0,2646578008540762.0,24888351.56318897,25073402.427543435
12,22,5,5,0.005121390956631494,6416862439263279.0,2728674260561656.0,24888351.56318897,24888351.56318897
12,23,0,0,0.004813851212760446,6416862439263279.0,2721063122128822.0,253471269.25395733,253471269.25395733
12,23,0,1,0.004383227876686693,6416862439263279.0,2840934273308683.5,253471269.25395733,187359741.23192656
12,23,0,2,0.005280958434621947,6416862439263279.0,2677848576480927.5,253471269.25395733,37366135.04933381
12,23,0,3,0.006228111796988844,6416862439263279.0,2858387952408798.0,253471269.25395733,273919243.17985576
12,23,0,4,0.0005535665068355042,6416862439263279.0,2947162979841362.0,253471269.25395733,304433623.87382287
12,23,0,5,0.0032639409951032276,6416862439263279.0,2571495453931865.5,253471269.25395733,315128217.70271456
12,23,1,0,0.0011357927146060764,6416862439263279.0,2905269086949113.0,253471269.25395733,265078012.2475267
12,23,1,1,0.004813851212760446,6416862439263279.0,2721063122128822.0,253471269.25395733,253471269.25395733
12,23,1,2,0.004382750577381073,6416862439263279.0,2689730873832475.5,253471269.25395733,187359741.23192656
12,23,1,3,0.005280839109753203,6416862439263279.0,2693886808946021.5,253471269.25395733,37366135.04933381
12,23,1,4,0.00639427312275191,6416862439263279.0,2878339244047467.0,253471269.25395733,330799619.47225505
12,23,1,5,0.0005209595118610243,6416862439263279.0,2967733916630703.0,253471269.25395733,367650427.7791693
12,23,2,0,0.01097275342938753,6416862439263279.0,3524526171008212.0,253471269.25395733,229194758.21280104
12,23,2,1,0.0011357927146060764,6416862439263279.0,2905269086949113.0,253471269.25395733,265078012.2475267
12,23,2,2,0.004813851212760446,6416862439263279.0,2721063122128822.0,253471269.25395733,253471269.25395733
12,23,2,3,0.00401284356364634,6416862439263279.0,2726313824264397.0,253471269.25395733,187359741.23192656
12,23,2,4,0.005265267217749523,6416862439263279.0,2485696859752039.5,253471269.25395733,37366135.04933381
12,23,2,5,0.006465744424641709,6416862439263279.0,2910552695246500.0,253471269.25395733,331925957.13480973
12,23,3,0,0.0078111875807743885,6416862439263279.0,3388897465163968.5,253471269.25395733,309431520.27048033
12,23,3,1,0.010972753429461343,6416862439263279.0,3524526171508991.5,253471269.25395733,229194758.21280104
12,23,3,2,0.0011357927145804706,6416862439263279.0,2905269088009039.5,253471269.25395733,265078012.2475267
12,23,3,3,0.004813851212760446,6416862439263279.0,2721063122128822.5,253471269.25395733,253471269.25395733
12,23,3,4,0.0041862225607379915,6416862439263279.0,2733801756742249.0,253471269.25395733,187359741.23192656
12,23,3,5,0.005233944446388307,6416862439263279.0,2740267871908613.5,253471269.25395733,37366135.04933381
12,23,4,0,0.0032512420601886467,6416862439263279.0,3325648676577544.5,253471269.25395733,317296685.9120552
12,23,4,1,0.007811008580313796,6416862439263279.0,3582755795656099.0,253471269.25395733,329833078.0343103
12,23,4,2,0.01097246553797408,6416862439263279.0,3524526171008464.5,253471269.25395733,229194758.21280104
12,23,4,3,0.0011357927145804706,6416862439263279.0,2905269088009038.0,253471269.25395733,265078012.2475267
12,23,4,4,0.004813851212760446,6416862439263279.0,2721063122128825.0,253471269.25395733,253471269.25395733
12,23,4,5,0.0042568032054232175,6416862439263279.0,2719229301423832.5,253471269.25395733,187359741.23192656
12,23,5,0,0.013076498665991464,6416862439263279.0,3636324865873790.5,253471269.25395733,332321793.3843996
12,23,5,1,0.00325085426612513,6416862439263279.0,3527277628683114.0,253471269.25395733,338216812.7958585
12,23,5,2,0.007811008580321946,6416862439263279.0,3388897465171661.0,253471269.25395733,332281413.37148887
12,23,5,3,0.0109727534293899,6416862439263279.0,3524526171008345.5,253471269.25395733,229194758.21280104
12,23,5,4,0.0011357927145804706,6416862439263279.0,2905269088009038.0,253471269.25395733,265078012.2475267
12,23,5,5,0.004813851212760446,6416862439263279.0,2721063122128824.5,253471269.25395733,253471269.25395733
12,24,0,0,0.009630319136038755,6416862439263279.0,2730147014800954.0,37603691.8046353,37603691.8046353
12,24,0,1,0.0027802257889777094,6416862439263279.0,3478319974369417.0,37603691.8046353,25574964.335831758
12,24,0,2,0.00187081168322826,6416862439263279.0,3120820105296262.5,37603691.8046353,24693520.228523664
12,24,0,3,0.00048175306618255506,6416862439263279.0,3624627467157808.5,37603691.8046353,24832295.951055475
12,24,0,4,0.013056890298303692,6416862439263279.0,3502564766900233.0,37603691.8046353,24396617.101052772
12,24,0,5,0.008745908234391754,6416862439263279.0,3572111456231613.5,37603691.8046353,23974889.83055388
12,24,1,0,0.006668221458063948,6416862439263279.0,3259469992464685.0,37603691.8046353,188750503.72899505
12,24,1,1,0.009630319136038755,6416862439263279.0,2730147014800954.0,37603691.8046353,37603691.8046353
12,24,1,2,0.00278022578897335,6416862439263279.0,3526386610354711.5,37603691.8046353,25574964.335831758
12,24,1,3,0.0018708116831978431,6416862439263279.0,3163340962308539.5,37603691.8046353,24693520.228523664
12,24,1,4,0.00048175306618740193,6416862439263279.0,3674012647890261.0,37603691.8046353,24832295.951055475
12,24,1,5,0.013056890298273238,6416862439263279.0,3550286854586413.0,37603691.8046353,24396617.101052772
12,24,2,0,0.008768716694570956,6416862439263279.0,2881986886069638.0,37603691.8046353,270183234.2684972
12,24,2,1,0.003542226382180059,6416862439263279.0,3254954375246040.5,37603691.8046353,188750503.72899505
12,24,2,2,0.009630319136038755,6416862439263279.0,2730147014800954.0,37603691.8046353,37603691.8046353
12,24,2,3,0.00278025757353077,6416862439263279.0,3551114396070084.5,37603691.8046353,304433623.87382287
12,24,2,4,0.0018708158237062493,6416862439263279.0,3286169770316928.5,37603691.8046353,315128217.70271456
12,24,2,5,0.0004817478670084754,6416862439263279.0,3699775702540708.5,37603691.8046353,321802596.64997953
12,24,3,0,0.0004623368579450885,6416862439263279.0,2730240853523190.0,37603691.8046353,306105545.7184667
12,24,3,1,0.0039877056614603355,6416862439263279.0,3382351609917049.0,37603691.8046353,270183234.2684972
12,24,3,2,0.001689989002249726,6416862439263279.0,3551795072369290.5,37603691.8046353,188750503.72899505
12,24,3,3,0.009630319136038755,6416862439263279.0,2730147014800954.0,37603691.8046353,37603691.8046353
12,24,3,4,0.0027802560919329288,6416862439263279.0,3479099555992013.0,37603691.8046353,367650427.7791693
12,24,3,5,0.0018708143421353397,6416862439263279.0,3120922237281462.0,37603691.8046353,380565794.83384746
12,24,4,0,0.00040525726261479527,6416862439263279.0,2730194327636043.0,37603691.8046353,265980574.7993999
12,24,4,1,0.0036927629986785765,6416862439263279.0,3088130605471447.5,37603691.8046353,306105545.7184667
12,24,4,2,0.0014292842426492924,6416862439263279.0,3741813279949961.0,37603691.8046353,270183234.2684972
12,24,4,3,0.0016872445308770587,6416862439263279.0,3624704035352084.5,37603691.8046353,188750503.72899505
12,24,4,4,0.009630319136038755,6416862439263279.0,2730147013898476.5,37603691.8046353,37603691.8046353
12,24,4,5,0.0027802603721621285,6416862439263279.0,3479040229096956.0,37603691.8046353,368902238.5403863
12,24,5,0,0.008279109208586809,6416862439263279.0,2730201452694789.0,37603691.8046353,230898876.22176027
12,24,5,1,0.0037269355677047376,6416862439263279.0,3397594646968283.5,37603691.8046353,265980574.7993999
12,24,5,2,0.002301729314926257,6416862439263279.0,3416323748025525.0,37603691.8046353,306105545.7184667
12,24,5,3,0.0014265397712577457,6416862439263279.0,3624758772646440.5,37603691.8046353,270183234.2684972
12,24,5,4,0.01436683919011854,6416862439263279.0,3345389215763852.5,37603691.8046353,188750503.72899505
12,24,5,5,0.009630319136038755,6416862439263279.0,2730147013931089.0,37603691.8046353,37603691.8046353
12,25,0,0,0.002657409500067585,6416862439263279.0,2821505013601530.0,25216526.110860698,25216526.110860698
12,25,0,1,0.003933462803683895,6416862439263279.0,3097065713297226.0,25216526.110860698,24847819.28830644
12,25,0,2,0.0034102336974018575,6416862439263279.0,2400326211011358.0,25216526.110860698,24396787.100250818
12,25,0,3,0.005263012995731406,6416862439263279.0,2329127435438858.0,25216526.110860698,23974901.239677418
12,25,0,4,0.006757025384227256,6416862439263279.0,2612396010878587.5,25216526.110860698,23460837.39099149
12,25,0,5,0.00235699854337081,6416862439263279.0,2578065165888794.5,25216526.110860698,22195840.66196532
12,25,1,0,0.005214531243637017,6416862439263279.0,2607789631779593.0,25216526.110860698,26473399.443894032
12,25,1,1,0.002657409500087427,6416862439263279.0,2822045098125592.5,25216526.110860698,25216526.110860698
12,25,1,2,0.003933462803659019,6416862439263279.0,3097658545211504.0,25216526.110860698,24847819.28830644
12,25,1,3,0.003410233697382965,6416862439263279.0,2400785647045302.5,25216526.110860698,24396787.100250818
12,25,1,4,0.005248183854160383,6416862439263279.0,2329573236104377.0,25216526.110860698,23974901.239677418
12,25,1,5,0.006756999981130533,6416862439263279.0,2612896068011305.5,25216526.110860698,23460837.39099149
12,25,2,0,0.0031320671657993925,6416862439263279.0,2903867436213486.0,25216526.110860698,41792712.45869892
12,25,2,1,0.005214523785904124,6416862439263279.0,2607290551606929.5,25216526.110860698,26473399.443894032
12,25,2,2,0.002657409500069046,6416862439263279.0,2821505013623020.0,25216526.110860698,25216526.110860698
12,25,2,3,0.003933492634921668,6416862439263279.0,3097065713384335.0,25216526.110860698,24847819.28830644
12,25,2,4,0.0034102336973953536,6416862439263279.0,2400326211060124.0,25216526.110860698,24396787.100250818
12,25,2,5,0.0052660005447833025,6416862439263279.0,2329127435501307.5,25216526.110860698,23974901.239677418
12,25,3,0,0.0005670404056333125,6416862439263279.0,2674899395508605.5,25216526.110860698,189950492.8926263
12,25,3,1,0.0031320671657993925,6416862439263279.0,2903867436210996.5,25216526.110860698,41792712.45869892
12,25,3,2,0.005214493954671577,6416862439263279.0,2607290551605471.5,25216526.110860698,26473399.443894032
12,25,3,3,0.0026573796689295854,6416862439263279.0,2821505013601509.5,25216526.110860698,25216526.110860698
12,25,3,4,0.0039334926349196,6416862439263279.0,3097065713298403.0,25216526.110860698,24847819.28830644
12,25,3,5,0.0034102336973975394,6416862439263279.0,2400326211030593.5,25216526.110860698,24396787.100250818
12,25,4,0,0.006133103530982842,6416862439263279.0,2795407601827930.0,25216526.110860698,21328444.59669318
12,25,4,1,0.0005670106666069385,6416862439263279.0,2674856968668941.0,25216526.110860698,21137317.67281198
12,25,4,2,0.003132090157769224,6416862439263279.0,2903866242064815.5,25216526.110860698,23065415.320687022
12,25,4,3,0.005214534248379385,6416862439263279.0,2607290524480117.5,25216526.110860698,23462805.40341876
12,25,4,4,0.0026573823310549237,6416862439263279.0,2821505081906368.5,25216526.110860698,23445847.9311827
12,25,4,5,0.003933484475992041,6416862439263279.0,3097065732131577.5,25216526.110860698,22195522.258270565
12,25,5,0,0.005098676465788957,6416862439263279.0,2646707015108415.0,25216526.110860698,21171291.10422454
12,25,5,1,0.006395713255492442,6416862439263279.0,2795395210154647.5,25216526.110860698,20997605.316075936
12,25,5,2,0.0005669799795068368,6416862439263279.0,2674856970567325.0,25216526.110860698,20753493.086195543
12,25,5,3,0.0031321516638521682,6416862439263279.0,2903866277108941.0,25216526.110860698,22666541.661289122
12,25,5,4,0.0052145360929582545,6416862439263279.0,2607290553330681.5,25216526.110860698,22959566.976760723
12,25,5,5,0.002657408319281822,6416862439263279.0,2821505031810480.5,25216526.110860698,22181655.907526504
12,26,0,0,0.017923791277092736,6416862439263279.0,3120142204434876.5,24396798.710145995,24396798.710145995
12,26,0,1,0.007568446922456374,6416862439263279.0,2963121580585258.0,24396798.710145995,23975062.894837916
12,26,0,2,0.011033814149219907,6416862439263279.0,3401435489144986.5,24396798.710145995,23460841.112796403
12,26,0,3,0.004300888289847878,6416862439263279.0,2328134059926963.5,24396798.710145995,22195937.39356905
12,26,0,4,0.005213243829779228,6416862439263279.0,2887732579031551.5,24396798.710145995,20833194.075191665
12,26,0,5,0.004577244730571128,6416862439263279.0,2204706391869138.2,24396798.710145995,20765407.75286144
12,26,1,0,0.014758620031082826,6416862439263279.0,3623827574027375.0,24396798.710145995,24847992.431547377
12,26,1,1,0.017923791277092736,6416862439263279.0,3120142204434876.5,24396798.710145995,24396798.710145995
12,26,1,2,0.007568446922456374,6416862439263279.0,2963121580585258.0,24396798.710145995,23975062.894837916
12,26,1,3,0.01103381414915831,6416862439263279.0,3401435657190588.5,24396798.710145995,23460841.112796403
12,26,1,4,0.004300888289847878,6416862439263279.0,2328134059924818.5,24396798.710145995,22195937.39356905
12,26,1,5,0.005213213823808127,6416862439263279.0,2887732579031461.5,24396798.710145995,20832898.93846046
12,26,2,0,0.016149468520909743,6416862439263279.0,3075203015370372.0,24396798.710145995,25232289.640736796
12,26,2,1,0.014758620031021484,6416862439263279.0,3623827249852060.5,24396798.710145995,24847992.431547377
12,26,2,2,0.017923791277092736,6416862439263279.0,3120142204434876.5,24396798.710145995,24396798.710145995
12,26,2,3,0.007568446922396269,6416862439263279.0,2963121845656031.5,24396798.710145995,23975062.894837916
12,26,2,4,0.01103381414915831,6416862439263279.0,3401435657190316.5,24396798.710145995,23460841.112796403
12,26,2,5,0.004300855836721167,6416862439263279.0,2328134059930789.5,24396798.710145995,22195522.258270565
12,26,3,0,0.0034772021977447273,6416862439263279.0,3288033136139595.5,24396798.710145995,27034102.960706145
12,26,3,1,0.016149468520844357,6416862439263279.0,3122254031712614.0,24396798.710145995,25232289.640736796
12,26,3,2,0.014758597657705215,6416862439263279.0,3623827394994787.0,24396798.710145995,24847992.431547377
12,26,3,3,0.01792379127709653,6416862439263279.0,3120136545401823.0,24396798.710145995,24396798.710145995
12,26,3,4,0.007568450185263709,6416862439263279.0,2948085536359395.5,24396798.710145995,23975062.894837916
12,26,3,5,0.01103400123513257,6416862439263279.0,3401435657202468.5,24396798.710145995,23445847.9311827
12,26,4,0,0.005170545665853844,6416862439263279.0,2851613252707767.5,24396798.710145995,43260868.56796249
12,26,4,1,0.00347723202895422,6416862439263279.0,3288032841923490.0,24396798.710145995,27034102.960706145
12,26,4,2,0.016149468520763724,6416862439263279.0,3426535407924293.5,24396798.710145995,25232289.640736796
12,26,4,3,0.014758597657736986,6416862439263279.0,3623827574029735.5,24396798.710145995,24847992.431547377
12,26,4,4,0.01792381644716511,6416862439263279.0,3120136545277855.5,24396798.710145995,24396798.710145995
12,26,4,5,0.007568485260192117,6416862439263279.0,2948085536361119.0,24396798.710145995,23462805.40341876
12,26,5,0,0.005762682725644477,6416862439263279.0,3625605595587446.0,24396798.710145995,211110823.16313082
12,26,5,1,0.005170515834707533,6416862439263279.0,2851612997612523.0,24396798.710145995,43260868.56796249
12,26,5,2,0.003477202197691626,6416862439263279.0,3288032973571324.0,24396798.710145995,27034102.960706145
12,26,5,3,0.01614943868978147,6416862439263279.0,3075203015372215.5,24396798.710145995,25232289.640736796
12,26,5,4,0.014758620031077809,6416862439263279.0,3623827574029861.0,24396798.710145995,24847992.431547377
12,26,5,5,0.017923852337820147,6416862439263279.0,3623277454391483.5,24396798.710145995,23065415.320687022
12,27,0,0,0.005221223120127284,6416862439263279.0,2728652609137351.5,23460943.357393485,23460943.357393485
12,27,0,1,0.006684923874611449,6416862439263279.0,2615306336979176.5,23460943.357393485,22195991.362931665
12,27,0,2,0.0023669313059053432,6416862439263279.0,2607195323180641.5,23460943.357393485,20845897.426572055
12,27,0,3,0.0005183656772824852,6416862439263279.0,2856609201284919.5,23460943.357393485,20779439.295260027
12,27,0,4,0.008077061124891621,6416862439263279.0,2812287781942777.5,23460943.357393485,20677509.301438827
12,27,0,5,0.005832050816467493,6416862439263279.0,2358629913334982.5,23460943.357393485,20609300.84113641
12,27,1,0,0.0034238015294708627,6416862439263279.0,2345680240044852.0,23460943.357393485,23975066.698219057
12,27,1,1,0.005221223120127284,6416862439263279.0,2728652609137351.5,23460943.357393485,23460943.357393485
12,27,1,2,0.006684923874556991,6416862439263279.0,2615306466186763.5,23460943.357393485,22195991.362931665
12,27,1,3,0.002366931305964107,6416862439263279.0,2607195867280689.0,23460943.357393485,20845897.426572055
12,27,1,4,0.0005183656773421636,6416862439263279.0,2856609797420772.5,23460943.357393485,20779439.295260027
12,27,1,5,0.008092578947459142,6416862439263279.0,2812288369058879.0,23460943.357393485,20677509.301438827
12,27,2,0,0.0039630797954750795,6416862439263279.0,2400246091415090.0,23460943.357393485,24396963.21002741
12,27,2,1,0.0034238015294708627,6416862439263279.0,2345680240044852.0,23460943.357393485,23975066.698219057
12,27,2,2,0.005221223120127284,6416862439263279.0,2728652609137351.5,23460943.357393485,23460943.357393485
12,27,2,3,0.006684923874611443,6416862439263279.0,2615306766686553.0,23460943.357393485,22195991.362931665
12,27,2,4,0.0023669313059053432,6416862439263279.0,2607195858736628.0,23460943.357393485,20845897.426572055
12,27,2,5,0.0005183656772824813,6416862439263279.0,2856609788059359.5,23460943.357393485,20779439.295260027
12,27,3,0,0.0026302600510754075,6416862439263279.0,2781474347353383.0,23460943.357393485,24848004.256161273
12,27,3,1,0.003963079795454319,6416862439263279.0,2576015804832861.5,23460943.357393485,24396963.21002741
12,27,3,2,0.0034238003933088888,6416862439263279.0,2502648983388627.0,23460943.357393485,23989848.733832385
12,27,3,3,0.005221223120127281,6416862439263279.0,2728652605916122.0,23460943.357393485,23460943.357393485
12,27,3,4,0.006684923874611454,6416862439263279.0,2615306229163571.0,23460943.357393485,22195991.362931665
12,27,3,5,0.0023669313059053398,6416862439263279.0,2607195322486010.0,23460943.357393485,20845897.426572055
12,27,4,0,0.005146231144843106,6416862439263279.0,3096967015855291.5,23460943.357393485,25232465.46302338
12,27,4,1,0.0026302059820048833,6416862439263279.0,2781474458383322.5,23460943.357393485,24848004.256161273
12,27,4,2,0.003963079678895489,6416862439263279.0,2502634294646085.0,23460943.357393485,24412009.242295764
12,27,4,3,0.0034239542104357095,6416862439263279.0,2522280959777034.0,23460943.357393485,23991101.491894968
12,27,4,4,0.005221146969004146,6416862439263279.0,2728652605567815.5,23460943.357393485,23460943.357393485
12,27,4,5,0.00668492387461146,6416862439263279.0,2615306228766934.5,23460943.357393485,22195991.362931665
12,27,5,0,0.003381082655512363,6416862439263279.0,2838392195668364.5,23460943.357393485,27051002.706841696
12,27,5,1,0.005146130464570182,6416862439263279.0,3096967139477318.5,23460943.357393485,25232465.46302338
12,27,5,2,0.0026302201984956613,6416862439263279.0,2781474344037152.5,23460943.357393485,24863496.09884355
12,27,5,3,0.003963138875233229,6416862439263279.0,2522266122410308.5,23460943.357393485,24413284.045723528
12,27,5,4,0.0034239299726472445,6416862439263279.0,2345679750222394.0,23460943.357393485,23991384.097474184
12,27,5,5,0.005221000959279756,6416862439263279.0,2728652605155209.0,23460943.357393485,23460943.357393485
12,28,0,0,0.016112759835973916,6416862439263279.0,3253856184829949.5,20846986.006429244,20846986.006429244
12,28,0,1,0.005377246193326639,6416862439263279.0,3263221101612837.5,20846986.006429244,20779684.0687436
12,28,0,2,0.010112880917144624,6416862439263279.0,3457234638943454.0,20846986.006429244,20680201.995239303
12,28,0,3,0.004523802734488822,6416862439263279.0,2616072498444597.0,20846986.006429244,20610581.47264808
12,28,0,4,0.0050151588235347894,6416862439263279.0,2877131574537847.0,20846986.006429244,20852743.089103762
12,28,0,5,0.0047757363190813395,6416862439263279.0,2626873740588588.5,20846986.006429244,20852830.734542657
12,28,1,0,0.0017222371504297539,6416862439263279.0,3623827988482326.0,20846986.006429244,22209525.700316895
12,28,1,1,0.016112759835973916,6416862439263279.0,3253856184829949.5,20846986.006429244,20846986.006429244
12,28,1,2,0.005377246193326639,6416862439263279.0,3263221101488815.0,20846986.006429244,20779684.0687436
12,28,1,3,0.01011317177251523,6416862439263279.0,3457234529962031.5,20846986.006429244,20680201.995239303
12,28,1,4,0.004523793412700677,6416862439263279.0,2616072498445103.5,20846986.006429244,20610581.47264808
12,28,1,5,0.0050151585869149555,6416862439263279.0,2877131625124436.5,20846986.006429244,22216819.169851862
12,28,2,0,0.0014412625667534363,6416862439263279.0,3220427084955824.5,20846986.006429244,23461000.402614743
12,28,2,1,0.001722601183520159,6416862439263279.0,3623828038954868.0,20846986.006429244,22209525.700316895
12,28,2,2,0.01611275983597451,6416862439263279.0,3253856184827247.5,20846986.006429244,20846986.006429244
12,28,2,3,0.005377246193192664,6416862439263279.0,3263221100793969.0,20846986.006429244,20779684.0687436
12,28,2,4,0.010113171772518484,6416862439263279.0,3457234529964664.0,20846986.006429244,20680201.995239303
12,28,2,5,0.00452379248201203,6416862439263279.0,2616072498426146.0,20846986.006429244,20610581.47264808
12,28,3,0,0.0036999279853498442,6416862439263279.0,3123350348901536.5,20846986.006429244,23975171.183860593
12,28,3,1,0.0014413359209374571,6416862439263279.0,3220426841645654.0,20846986.006429244,23461000.402614743
12,28,3,2,0.001721872648842305,6416862439263279.0,3623827805908383.5,20846986.006429244,22209525.700316895
12,28,3,3,0.016112759836042975,6416862439263279.0,3253856184814631.0,20846986.006429244,20846986.006429244
12,28,3,4,0.0053772461931874075,6416862439263279.0,2808942629710422.0,20846986.006429244,20779684.0687436
12,28,3,5,0.010113171772509637,6416862439263279.0,3457234529964529.0,20846986.006429244,20680201.995239303
12,28,4,0,0.005834562361766361,6416862439263279.0,2729549134860621.0,20846986.006429244,24413284.045723528
12,28,4,1,0.0036997094669075957,6416862439263279.0,2801005654229356.0,20846986.006429244,23975171.183860593
12,28,4,2,0.0014413359205779545,6416862439263279.0,3702097339406654.0,20846986.006429244,23461000.402614743
12,28,4,3,0.001722237149225541,6416862439263279.0,3623827804156834.5,20846986.006429244,22209525.700316895
12,28,4,4,0.016112759836069034,6416862439263279.0,3275329329678602.0,20846986.006429244,20846986.006429244
12,28,4,5,0.00537724619318979,6416862439263279.0,3309117851587061.5,20846986.006429244,20779684.0687436
12,28,5,0,0.003302192549784613,6416862439263279.0,3253858477317795.5,20846986.006429244,24864794.47906839
12,28,5,1,0.005834411109041112,6416862439263279.0,2729549063898006.0,20846986.006429244,24413571.62444435
12,28,5,2,0.0036998550684687473,6416862439263279.0,3347099233198012.5,20846986.006429244,23975171.183860593
12,28,5,3,0.0014412625654437576,6416862439263279.0,3220426633097565.0,20846986.006429244,23461000.402614743
12,28,5,4,0.0017221639704586328,6416862439263279.0,3623827803926116.0,20846986.006429244,22209525.700316895
12,28,5,5,0.016112759835973916,6416862439263279.0,3253856184829949.5,20846986.006429244,20846986.006429244
12,29,0,0,0.00347264214344543,6416862439263279.0,2856634663287779.0,20681487.03244391,20681487.03244391
12,29,0,1,0.005233795206025546,6416862439263279.0,2555031330471687.0,20681487.03244391,20612065.279949483
12,29,0,2,0.006636254661268651,6416862439263279.0,2781499239683432.0,20681487.03244391,20683062.876310356
12,29,0,3,0.0024348858698415863,6416862439263279.0,2440524642638857.0,20681487.03244391,20683218.038398042
12,29,0,4,0.0006456049505071945,6416862439263279.0,2651097141517423.5,20681487.03244391,20699671.234712508
12,29,0,5,0.00807624449608269,6416862439263279.0,2856607875008086.0,20681487.03244391,21077124.53565668
12,29,1,0,0.003945237436152069,6416862439263279.0,2705905970369236.0,20681487.03244391,20782390.068080787
12,29,1,1,0.00347264214344543,6416862439263279.0,2856634663287779.0,20681487.03244391,20681487.03244391
12,29,1,2,0.005233795206025546,6416862439263279.0,2555031330471687.0,20681487.03244391,20612065.279949483
12,29,1,3,0.006636254732200011,6416862439263279.0,2781499197262445.5,20681487.03244391,20785265.085760284
12,29,1,4,0.002434889293986031,6416862439263279.0,2440524605418321.0,20681487.03244391,20785421.01455785
12,29,1,5,0.0006456086080134663,6416862439263279.0,2651097101056391.0,20681487.03244391,20801955.511837482
12,29,2,0,0.002626806854072279,6416862439263279.0,2584052650718236.5,20681487.03244391,20847231.575586077
12,29,2,1,0.003945237436152069,6416862439263279.0,2705905970369236.0,20681487.03244391,20782390.068080787
12,29,2,2,0.00347264214344543,6416862439263279.0,2856634663287779.0,20681487.03244391,20681487.03244391
12,29,2,3,0.005233795206025546,6416862439263279.0,2555031330471687.0,20681487.03244391,20612065.279949483
12,29,2,4,0.006636243704830291,6416862439263279.0,2781499197159611.0,20681487.03244391,20852830.734542657
12,29,2,5,0.002434887269947308,6416862439263279.0,2583848667851427.5,20681487.03244391,20852987.170210343
12,29,3,0,0.005173016992150155,6416862439263279.0,2599333664421889.0,20681487.03244391,22210685.489305817
12,29,3,1,0.0026731365882475436,6416862439263279.0,2584053558931294.0,20681487.03244391,20847231.575586077
12,29,3,2,0.003945237436152069,6416862439263279.0,2705905970369236.0,20681487.03244391,20782390.068080787
12,29,3,3,0.00347264214344543,6416862439263279.0,2856634663287779.0,20681487.03244391,20681487.03244391
12,29,3,4,0.005233795206025546,6416862439263279.0,2555031330471687.0,20681487.03244391,20612065.279949483
12,29,3,5,0.006636237415655059,6416862439263279.0,2781499246317402.0,20681487.03244391,22216912.548591346
12,29,4,0,0.003099571300669796,6416862439263279.0,2637195204827650.0,20681487.03244391,23475306.098159947
12,29,4,1,0.005218767465388468,6416862439263279.0,2599334576096017.5,20681487.03244391,22210685.489305817
12,29,4,2,0.0025790153892066,6416862439263279.0,2584062248602759.5,20681487.03244391,20847231.575586077
12,29,4,3,0.003945237436152069,6416862439263279.0,2705905970369236.0,20681487.03244391,20782390.068080787
12,29,4,4,0.00347264214344543,6416862439263279.0,2856634663287779.0,20681487.03244391,20681487.03244391
12,29,4,5,0.005233795206025546,6416862439263279.0,2555031330471687.0,20681487.03244391,20612065.279949483
12,29,5,0,0.0005240992081864008,6416862439263279.0,3112030962381656.5,20681487.03244391,23975229.479425415
12,29,5,1,0.003389797285425058,6416862439263279.0,2637196120189867.5,20681487.03244391,23475306.098159947
12,29,5,2,0.005121732363263795,6416862439263279.0,2599343320848035.0,20681487.03244391,22210685.489305817
12,29,5,3,0.0026332149692314994,6416862439263279.0,2463233173657192.0,20681487.03244391,20847231.575586077
12,29,5,4,0.003945237436151923,6416862439263279.0,2705905970369012.5,20681487.03244391,20782390.068080787
12,29,5,5,0.00347264214344543,6416862439263279.0,2856634663287779.0,20681487.03244391,20681487.03244391
12,30,0,0,0.012186784047637672,6416862439263279.0,2729536714936739.5,19322076.13500589,19322076.13500589
12,30,0,1,0.012352491998414122,6416862439263279.0,3397379132371842.5,19322076.13500589,10718541.729440333
12,30,0,2,0.0052785890827170895,6416862439263279.0,3328549079785612.0,19322076.13500589,19690060.044278476
12,30,0,3,0.002244382987377067,6416862439263279.0,3623830295756522.0,19322076.13500589,20387770.902842347
12,30,0,4,0.014566462617591296,6416862439263279.0,3514705494487864.5,19322076.13500589,20469315.351807445
12,30,0,5,0.0057388967825054765,6416862439263279.0,3571333251216815.5,19322076.13500589,20501671.86401789
12,30,1,0,0.0012017669582879695,6416862439263279.0,3214874098866811.0,19322076.13500589,19321931.1839799
12,30,1,1,0.012186783996219652,6416862439263279.0,2729536487250193.0,19322076.13500589,10710022.063833628
12,30,1,2,0.014079834269506014,6416862439263279.0,3397380176324487.0,19322076.13500589,19337446.562945195
12,30,1,3,0.008574448999682037,6416862439263279.0,3328549079785614.5,19322076.13500589,19690060.044278476
12,30,1,4,0.007120037074200938,6416862439263279.0,3623830295756526.0,19322076.13500589,20387770.902842347
12,30,1,5,0.01605738167117083,6416862439263279.0,3514705494487863.5,19322076.13500589,20469315.351807445
12,30,2,0,0.006334368472606967,6416862439263279.0,2729536702865308.0,19322076.13500589,19321849.97298447
12,30,2,1,0.003915079715622685,6416862439263279.0,3135474309224534.5,19322076.13500589,10709941.719014056
12,30,2,2,0.010141993516059246,6416862439263279.0,2729536714936740.0,19322076.13500589,19322076.13500589
12,30,2,3,0.012352492060826743,6416862439263279.0,3397383060372217.5,19322076.13500589,19337446.562945195
12,30,2,4,0.0052785890827170895,6416862439263279.0,3328549079785613.0,19322076.13500589,19690060.044278476
12,30,2,5,0.002244382987377067,6416862439263279.0,3623830295756523.5,19322076.13500589,20387770.902842347
12,30,3,0,0.0019505222546598098,6416862439263279.0,2729535184177263.0,19322076.13500589,19320459.0448213
12,30,3,1,0.003535642560643671,6416862439263279.0,3123341946302731.5,19322076.13500589,10709896.70461882
12,30,3,2,0.005310099229747942,6416862439263279.0,3468037405130677.0,19322076.13500589,19321931.1839799
12,30,3,3,0.01040155348241558,6416862439263279.0,2729536716765784.0,19322076.13500589,19322076.13500589
12,30,3,4,0.011927810282759504,6416862439263279.0,3397380218161188.5,19322076.13500589,19337446.562945195
12,30,3,5,0.0017042059478375483,6416862439263279.0,3486625304669308.5,19322076.13500589,19690060.044278476
12,30,4,0,0.008216841862432668,6416862439263279.0,2729534723265338.0,19322076.13500589,19319258.574629273
12,30,4,1,0.0035387021227008147,6416862439263279.0,2485697809904459.0,19322076.13500589,10709125.727860142
12,30,4,2,0.010740145586770021,6416862439263279.0,3454618277794245.0,19322076.13500589,19321849.97298447
12,30,4,3,0.01379290762697977,6416862439263279.0,3623829445432207.0,19322076.13500589,19321931.1839799
12,30,4,4,0.010637483402116357,6416862439263279.0,2729536717206086.0,19322076.13500589,19322076.13500589
12,30,4,5,0.012391809596714713,6416862439263279.0,3397379395871783.0,19322076.13500589,19337446.562945195
12,30,5,0,0.008216069629660046,6416862439263279.0,2729535496964250.0,19322076.13500589,19316743.08431361
12,30,5,1,0.00353095906321117,6416862439263279.0,3397369146477288.0,19322076.13500589,10708460.319939997
12,30,5,2,0.005300122554681993,6416862439263279.0,3328546888387834.0,19322076.13500589,19320459.0448213
12,30,5,3,0.013800691708481867,6416862439263279.0,3623829319027004.5,19322076.13500589,19321849.97298447
12,30,5,4,0.014571493838119445,6416862439263279.0,3266497219511455.5,19322076.13500589,19321931.1839799
12,30,5,5,0.010362231285720721,6416862439263279.0,2729536727847799.5,19322076.13500589,19322076.13500589
12,31,0,0,0.000560152777663607,6416862439263279.0,2014384001202158.8,5726529.075156661,5726529.075156661
12,31,0,1,0.003272703989822836,6416862439263279.0,2868851092108674.0,5726529.075156661,5727059.583650685
12,31,0,2,0.005184219754598686,6416862439263279.0,2307873347470918.5,5726529.075156661,5729552.422773335
12,31,0,3,0.0026321298358564353,6416862439263279.0,2840843373822557.0,5726529.075156661,6153716.919260281
12,31,0,4,0.003935681061378634,6416862439263279.0,2614241249642143.0,5726529.075156661,15177315.403373437
12,31,0,5,0.003485483341654011,6416862439263279.0,2265443056505612.5,5726529.075156661,1753076.9124410474
12,31,1,0,0.006029770504562992,6416862439263279.0,2808899926916856.5,5726529.075156661,5726477.794260232
12,31,1,1,0.000560152777663607,6416862439263279.0,2014384001202158.8,5726529.075156661,5726529.075156661
12,31,1,2,0.0032727103431841806,6416862439263279.0,2868851092113861.0,5726529.075156661,5727059.583650685
12,31,1,3,0.005184219754598686,6416862439263279.0,2307873347470918.5,5726529.075156661,5729552.422773335
12,31,1,4,0.002632129835859681,6416862439263279.0,2840843167862719.5,5726529.075156661,6153716.919260281
12,31,1,5,0.003935651227116079,6416862439263279.0,2614241060091534.0,5726529.075156661,4990708.522050498
12,31,2,0,0.005302829110820348,6416862439263279.0,3169816133160912.5,5726529.075156661,5726013.929877272
12,31,2,1,0.006029770680974427,6416862439263279.0,2808899926911779.0,5726529.075156661,5726477.794260232
12,31,2,2,0.000560152777663607,6416862439263279.0,2014384001202158.8,5726529.075156661,5726529.075156661
12,31,2,3,0.0032727103431841806,6416862439263279.0,2868851092113861.0,5726529.075156661,5727059.583650685
12,31,2,4,0.005184219754598686,6416862439263279.0,2307873347470918.5,5726529.075156661,5729552.422773335
12,31,2,5,0.002632114927538616,6416862439263279.0,2840843330600702.0,5726529.075156661,5725942.274241688
12,31,3,0,0.004400372553404771,6416862439263279.0,2627872431083297.5,5726529.075156661,5725968.533369473
12,31,3,1,0.005302829293183442,6416862439263279.0,3169816133155182.0,5726529.075156661,5726013.929877272
12,31,3,2,0.006029770504562992,6416862439263279.0,2808899926916856.5,5726529.075156661,5726477.794260232
12,31,3,3,0.000560152777663607,6416862439263279.0,2014384001202158.8,5726529.075156661,5726529.075156661
12,31,3,4,0.0032727103431841806,6416862439263279.0,2868851092113861.0,5726529.075156661,5727059.583650685
12,31,3,5,0.005184219754602508,6416862439263279.0,2307873347470909.5,5726529.075156661,5725885.34899599
12,31,4,0,0.005702432649267449,6416862439263279.0,2692123784665907.5,5726529.075156661,5725698.964479708
12,31,4,1,0.004400372605050425,6416862439263279.0,2627872425365359.5,5726529.075156661,5725968.533369473
12,31,4,2,0.005302829110820348,6416862439263279.0,3169816133160912.5,5726529.075156661,5726013.929877272
12,31,4,3,0.006029770504562992,6416862439263279.0,2808899926916856.5,5726529.075156661,5726477.794260232
12,31,4,4,0.000560152777663607,6416862439263279.0,2014384001202158.8,5726529.075156661,5726529.075156661
12,31,4,5,0.003272770000617349,6416862439263279.0,2868851092113860.5,5726529.075156661,5725522.658795888
12,31,5,0,0.002556172137092137,6416862439263279.0,2457520277240097.5,5726529.075156661,5602820.2683061315
12,31,5,1,0.005702432482342144,6416862439263279.0,2692123784476835.0,5726529.075156661,5725698.964479708
12,31,5,2,0.004400372553404771,6416862439263279.0,2627872431083297.5,5726529.075156661,5725968.533369473
12,31,5,3,0.005302841231955268,6416862439263279.0,3169816133161021.5,5726529.075156661,6153793.928156535
12,31,5,4,0.00602974813692998,6416862439263279.0,2808899926937411.0,5726529.075156661,17414873.21134432
12,31,5,5,0.0005601527776680771,6416862439263279.0,2413766664029266.5,5726529.075156661,5602648.683185793
12,32,0,0,0.008308800318083844,6416862439263279.0,2597089129458822.5,6302648.078914722,6302648.078914722
12,32,0,1,0.0038712250584104035,6416862439263279.0,2824952817789111.5,6302648.078914722,17102671.694237035
12,32,0,2,0.00372233951454801,6416862439263279.0,2612246733492144.0,6302648.078914722,26994170.18818654
12,32,0,3,0.002027794102769894,6416862439263279.0,2241070602389849.0,6302648.078914722,6302643.2274874365
12,32,0,4,0.004720353909167034,6416862439263279.0,2202655621160808.2,6302648.078914722,6302633.7528525535
12,32,0,5,0.00046335061670609067,6416862439263279.0,2017187919185969.0,6302648.078914722,6302627.131082752
12,32,1,0,0.005764272590381447,6416862439263279.0,2502607331007282.5,6302648.078914722,6302653.1255536005
12,32,1,1,0.008308800318083844,6416862439263279.0,2597089129458822.5,6302648.078914722,6302648.078914722
12,32,1,2,0.0038712250584104035,6416862439263279.0,2824952817789111.5,6302648.078914722,17102671.694237035
12,32,1,3,0.003722333681247618,6416862439263279.0,2612246733492269.0,6302648.078914722,6302645.742880268
12,32,1,4,0.0020277642761096257,6416862439263279.0,2241070602406021.0,6302648.078914722,6302643.2274874365
12,32,1,5,0.004720309148152651,6416862439263279.0,2202655621176679.0,6302648.078914722,6302633.7528525535
12,32,2,0,0.00800762441177331,6416862439263279.0,2812288643780603.0,6302648.078914722,6302659.473496431
12,32,2,1,0.005770634427452241,6416862439263279.0,2502607335265476.5,6302648.078914722,17102688.142595187
12,32,2,2,0.008309113555813137,6416862439263279.0,2597089129456690.0,6302648.078914722,6302648.078914722
12,32,2,3,0.0038712883716936508,6416862439263279.0,2824952817790563.5,6302648.078914722,6302647.064033027
12,32,2,4,0.003722453001158051,6416862439263279.0,2612246733494415.5,6302648.078914722,6302645.742880268
12,32,2,5,0.002027794102769894,6416862439263279.0,2241070602389849.0,6302648.078914722,6302643.2274874365
12,32,3,0,0.000685242649718469,6416862439263279.0,2821377044860036.5,6302648.078914722,6306172.36726725
12,32,3,1,0.008013016707391856,6416862439263279.0,2812288648585996.0,6302648.078914722,17102705.36818008
12,32,3,2,0.005770431183326774,6416862439263279.0,2502607327193078.5,6302648.078914722,26994201.80810433
12,32,3,3,0.008308800318083844,6416862439263279.0,2597089129458822.5,6302648.078914722,6302648.078914722
12,32,3,4,0.0038712883716936508,6416862439263279.0,2824952817790563.5,6302648.078914722,6302647.064033027
12,32,3,5,0.003722453001158051,6416862439263279.0,2612246733494415.5,6302648.078914722,6302645.742880268
12,32,4,0,0.0024048580981950677,6416862439263279.0,2597092956009253.0,6302648.078914722,6307613.376591107
12,32,4,1,0.0006767117254558065,6416862439263279.0,2821377045964343.5,6302648.078914722,17112237.850027926
12,32,4,2,0.008013735928430833,6416862439263279.0,2812288635791281.5,6302648.078914722,26994228.996281493
12,32,4,3,0.005770596822771569,6416862439263279.0,2458618084291712.0,6302648.078914722,6302653.1255536005
12,32,4,4,0.008308800318083842,6416862439263279.0,2597089128599948.5,6302648.078914722,6302648.078914722
12,32,4,5,0.0038712883716936516,6416862439263279.0,2824952817229763.0,6302648.078914722,6302647.064033027
12,32,5,0,0.006609230921668672,6416862439263279.0,2597133773473453.5,6302648.078914722,6302648.078914722
12,32,5,1,0.0024032851492484762,6416862439263279.0,2824950724633926.0,6302648.078914722,17102671.694237035
12,32,5,2,0.0006778251532358233,6416862439263279.0,2821376854573708.0,6302648.078914722,26994170.18818654
12,32,5,3,0.008013471308644174,6416862439263279.0,2812288633826943.0,6302648.078914722,6302643.2274874365
12,32,5,4,0.0057643322855774485,6416862439263279.0,2457498825162820.5,6302648.078914722,6302633.7528525535
12,32,5,5,0.008308800310919712,6416862439263279.0,2597089205520280.5,6302648.078914722,6302627.131082752
12,33,0,0,0.01385631468095102,6416862439263279.0,3623827374504488.0,26994175.84667094,26994175.84667094
12,33,0,1,0.011323144336309456,6416862439263279.0,3390138235672723.5,26994175.84667094,248587066.67321625
12,33,0,2,0.00530548017430254,6416862439263279.0,3300190985042614.0,26994175.84667094,26994159.414783575
12,33,0,3,0.010290854229015685,6416862439263279.0,3252598519110621.5,26994175.84667094,26994118.835014947
12,33,0,4,0.0025268641545771408,6416862439263279.0,2432217746253080.5,26994175.84667094,26994090.47403954
12,33,0,5,0.006323949766531467,6416862439263279.0,3187958196127368.0,26994175.84667094,26994048.118484538
12,33,1,0,0.004141358647101751,6416862439263279.0,3457553472358330.0,26994175.84667094,17102674.448189173
12,33,1,1,0.01385631468095102,6416862439263279.0,3623827374504488.0,26994175.84667094,26994175.84667094
12,33,1,2,0.011323143055097148,6416862439263279.0,3390138235672261.5,26994175.84667094,17102668.109197024
12,33,1,3,0.005305476538781768,6416862439263279.0,3300190985042545.5,26994175.84667094,17102661.283503387
12,33,1,4,0.010290847982584943,6416862439263279.0,3252598519110531.5,26994175.84667094,17102635.57342191
12,33,1,5,0.0025268698195873027,6416862439263279.0,2432217746382639.5,26994175.84667094,17102617.60478843
12,33,2,0,0.0035338323852538633,6416862439263279.0,3373714643481883.0,26994175.84667094,6302653.1255536005
12,33,2,1,0.00414135496548151,6416862439263279.0,3457553472358731.0,26994175.84667094,248587158.81038797
12,33,2,2,0.013856326283469932,6416862439263279.0,3623827374504829.5,26994175.84667094,6302647.064033027
12,33,2,3,0.011323141868986092,6416862439263279.0,3390138235672659.0,26994175.84667094,6302645.742880268
12,33,2,4,0.005305468562420909,6416862439263279.0,3300190985042937.0,26994175.84667094,6302643.2274874365
12,33,2,5,0.010290845614895933,6416862439263279.0,3252598519110911.5,26994175.84667094,6302633.7528525535
12,33,3,0,0.008305756608049124,6416862439263279.0,2729534395774982.5,26994175.84667094,26994228.996281493
12,33,3,1,0.0035313312599150773,6416862439263279.0,3373714643531554.5,26994175.84667094,248587357.85840756
12,33,3,2,0.005304293153612844,6416862439263279.0,3457553472355081.5,26994175.84667094,26994180.193399314
12,33,3,3,0.013820247982481893,6416862439263279.0,3623827374761460.5,26994175.84667094,26994175.84667094
12,33,3,4,0.014582318115313136,6416862439263279.0,3390138235755158.5,26994175.84667094,26994170.18818654
12,33,3,5,0.0057459545872829065,6416862439263279.0,3317881440991904.5,26994175.84667094,26994159.414783575
12,33,4,0,0.01385121369306133,6416862439263279.0,3623827250008384.5,26994175.84667094,27009274.685972825
12,33,4,1,0.008328257352961454,6416862439263279.0,2729534395774268.5,26994175.84667094,248587608.2320683
12,33,4,2,0.0037425844005420563,6416862439263279.0,3373714643481087.5,26994175.84667094,26994201.80810433
12,33,4,3,0.0022437174371600236,6416862439263279.0,3457553472583074.5,26994175.84667094,26994180.193399314
12,33,4,4,0.014596666365740446,6416862439263279.0,3623827374628828.0,26994175.84667094,26994175.84667094
12,33,4,5,0.01433858415231933,6416862439263279.0,3390138235658551.5,26994175.84667094,26994170.18818654
12,33,5,0,0.0022004731399044566,6416862439263279.0,3623827349815309.5,26994175.84667094,27015446.514809586
12,33,5,1,0.011333899115201074,6416862439263279.0,2853898355727118.5,26994175.84667094,248726162.73624012
12,33,5,2,0.008659303368604744,6416862439263279.0,2729534395753543.5,26994175.84667094,26994228.996281493
12,33,5,3,0.0037494733752742237,6416862439263279.0,3373714643753250.0,26994175.84667094,26994201.80810433
12,33,5,4,0.0014544035263337092,6416862439263279.0,3457553472471939.0,26994175.84667094,26994180.193399314
12,33,5,5,0.014334943176708808,6416862439263279.0,3623827374525127.5,26994175.84667094,26994175.84667094
12,34,0,0,0.008492928024302196,6416862439263279.0,2793573894867009.0,288485353.6661093,288485353.6661093
12,34,0,1,0.002622532098970001,6416862439263279.0,2568602349350291.5,288485353.6661093,333135632.8788288
12,34,0,2,0.003957945594326163,6416862439263279.0,2562037594300280.5,288485353.6661093,355099525.4788527
12,34,0,3,0.0034460673370875893,6416862439263279.0,2302347771619034.0,288485353.6661093,357735036.6108424
12,34,0,4,0.00517110751525562,6416862439263279.0,2658864413557688.0,288485353.6661093,360008787.0787845
12,34,0,5,0.006602112704371591,6416862439263279.0,2891207382144183.5,288485353.6661093,400011605.44837016
12,34,1,0,0.0030385264408300454,6416862439263279.0,2347415411378753.5,288485353.6661093,248587118.78172794
12,34,1,1,0.008492928024302196,6416862439263279.0,2793573894867009.0,288485353.6661093,288485353.6661093
12,34,1,2,0.0072481271756293176,6416862439263279.0,2568602349350291.0,288485353.6661093,333135632.8788288
12,34,1,3,0.007830900731819463,6416862439263279.0,2562037594300417.0,288485353.6661093,355099525.4788527
12,34,1,4,0.007585054583568298,6416862439263279.0,2302347771614030.0,288485353.6661093,357735036.6108424
12,34,1,5,0.008508702949233884,6416862439263279.0,2658864413557804.5,288485353.6661093,360008787.0787845
12,34,2,0,0.0004899172027664781,6416862439263279.0,2664010128989117.0,288485353.6661093,288485460.5913207
12,34,2,1,0.0030385264408300454,6416862439263279.0,2347415411378753.5,288485353.6661093,248587118.78172794
12,34,2,2,0.005145109666664974,6416862439263279.0,2793573894867010.5,288485353.6661093,288485353.6661093
12,34,2,3,0.002622532098970001,6416862439263279.0,2568602349350291.0,288485353.6661093,333135632.8788288
12,34,2,4,0.003957945594325391,6416862439263279.0,2562037594300385.5,288485353.6661093,355099525.4788527
12,34,2,5,0.0034460673370877107,6416862439263279.0,2337587490879939.5,288485353.6661093,357735036.6108424
12,34,3,0,0.006385343174849707,6416862439263279.0,2640574344655588.0,288485353.6661093,288485691.58659816
12,34,3,1,0.0004898790195709809,6416862439263279.0,2664010129014294.5,288485353.6661093,333135889.3082729
12,34,3,2,0.0030385264408300454,6416862439263279.0,2591591698695146.5,288485353.6661093,248587118.78172794
12,34,3,3,0.005145109666664974,6416862439263279.0,2793573894867009.5,288485353.6661093,288485353.6661093
12,34,3,4,0.0026225320989718835,6416862439263279.0,2584011301866878.5,288485353.6661093,333135632.8788288
12,34,3,5,0.003957945594324732,6416862439263279.0,2584030952208904.5,288485353.6661093,355099525.4788527
12,34,4,0,0.008518714523449227,6416862439263279.0,2601274549038886.5,288485353.6661093,288485982.1452943
12,34,4,1,0.006385374589302984,6416862439263279.0,2640574344680494.5,288485353.6661093,333136156.0559175
12,34,4,2,0.0004895210590554005,6416862439263279.0,2664010129006886.0,288485353.6661093,355100332.6299697
12,34,4,3,0.0030385264408300454,6416862439263279.0,2316873014374656.0,288485353.6661093,248587118.78172794
12,34,4,4,0.005145109666664974,6416862439263279.0,2793573894867010.0,288485353.6661093,288485353.6661093
12,34,4,5,0.002622532098972052,6416862439263279.0,2568602349584505.0,288485353.6661093,333135632.8788288
12,34,5,0,0.00798688990411537,6416862439263279.0,2673972621765940.5,288485353.6661093,288646774.6823839
12,34,5,1,0.005187535330055421,6416862439263279.0,2628246582841205.0,288485353.6661093,333136491.58592856
12,34,5,2,0.006385643050033331,6416862439263279.0,2640574344673144.5,288485353.6661093,355100616.9649224
12,34,5,3,0.0004895210590554005,6416862439263279.0,2664010128989056.0,288485353.6661093,357736225.60287356
12,34,5,4,0.0030385264408300454,6416862439263279.0,2316873014372645.0,288485353.6661093,248587118.78172794
12,34,5,5,0.005145109666664974,6416862439263279.0,2793573894867009.5,288485353.6661093,288485353.6661093
12,35,0,0,0.0037811166444040064,6416862439263279.0,2558503860951468.0,355100059.293521,355100059.293521
12,35,0,1,0.0037587323528281997,6416862439263279.0,2524135628389337.5,355100059.293521,357735412.46031165
12,35,0,2,0.0019109320189473278,6416862439263279.0,2840822434204236.5,355100059.293521,360009351.9578235
12,35,0,3,0.0046872127115052085,6416862439263279.0,2891564296107924.5,355100059.293521,400113472.8780299
12,35,0,4,0.0005672893023993163,6416862439263279.0,2612247377346888.0,355100059.293521,414063803.73276865
12,35,0,5,0.010012409012540132,6416862439263279.0,2421043661084910.5,355100059.293521,422700550.359173
12,35,1,0,0.008455845681779074,6416862439263279.0,2625942917013839.5,355100059.293521,333135765.83367854
12,35,1,1,0.0037811166444040064,6416862439263279.0,2558503860951468.0,355100059.293521,355100059.293521
12,35,1,2,0.0037587323528281997,6416862439263279.0,2524135628389337.5,355100059.293521,357735412.46031165
12,35,1,3,0.0019109320189473278,6416862439263279.0,2840822434204236.5,355100059.293521,360009351.9578235
12,35,1,4,0.0046872127115052085,6416862439263279.0,2891564296107924.5,355100059.293521,400113472.8780299
12,35,1,5,0.0005672893023993163,6416862439263279.0,2612247377346888.0,355100059.293521,414063803.73276865
12,35,2,0,0.005803485860334188,6416862439263279.0,2402084369627636.0,355100059.293521,288485414.1380508
12,35,2,1,0.008455845681779074,6416862439263279.0,2625942917013839.5,355100059.293521,333135765.83367854
12,35,2,2,0.0037811166444040064,6416862439263279.0,2558503860951468.0,355100059.293521,355100059.293521
12,35,2,3,0.0037587323528281997,6416862439263279.0,2524135628389337.5,355100059.293521,357735412.46031165
12,35,2,4,0.0019109320189473278,6416862439263279.0,2840822434204236.5,355100059.293521,360009351.9578235
12,35,2,5,0.0046872127115052085,6416862439263279.0,2891564296107924.5,355100059.293521,400113472.8780299
12,35,3,0,0.008013462161356576,6416862439263279.0,2812274571244889.5,355100059.293521,248587158.81038797
12,35,3,1,0.005803485860334188,6416862439263279.0,2402084369627636.0,355100059.293521,288485414.1380508
12,35,3,2,0.008455845681779074,6416862439263279.0,2625942917013839.5,355100059.293521,333135765.83367854
12,35,3,3,0.0037811166444040064,6416862439263279.0,2558503860951468.0,355100059.293521,355100059.293521
12,35,3,4,0.0037587323528281997,6416862439263279.0,2524135628389337.5,355100059.293521,357735412.46031165
12,35,3,5,0.0019109320189473278,6416862439263279.0,2840822434204236.5,355100059.293521,360009351.9578235
12,35,4,0,0.0007382290710563134,6416862439263279.0,2727175470224028.5,355100059.293521,355100616.9649224
12,35,4,1,0.008013462161356576,6416862439263279.0,2812274571244889.5,355100059.293521,248587158.81038797
12,35,4,2,0.005803485860334188,6416862439263279.0,2402084369627636.0,355100059.293521,288485414.1380508
12,35,4,3,0.008455845681779074,6416862439263279.0,2625942917013839.5,355100059.293521,333135765.83367854
12,35,4,4,0.0037811166444040064,6416862439263279.0,2558503860951468.0,355100059.293521,355100059.293521
12,35,4,5,0.0037587323528281997,6416862439263279.0,2524135628389337.5,355100059.293521,357735412.46031165
12,35,5,0,0.0024787577239216677,6416862439263279.0,2554533174037046.5,355100059.293521,355100974.6172268
12,35,5,1,0.0006905587984970579,6416862439263279.0,2727163259082533.5,355100059.293521,357736512.0484306
12,35,5,2,0.008013462161356566,6416862439263279.0,2812274571246869.0,355100059.293521,248587158.81038797
12,35,5,3,0.005803485860334169,6416862439263279.0,2402084301500560.5,355100059.293521,288485414.1380508
12,35,5,4,0.00845584568177942,6416862439263279.0,2625942917013972.0,355100059.293521,333135765.83367854
12,35,5,5,0.0037811166444039214,6416862439263279.0,2558503860951961.0,355100059.293521,355100059.293521
12,36,0,0,4.00933288991673e-05,6416862439263279.0,2729534330871920.5,360009730.1967716,360009730.1967716
12,36,0,1,0.0027256734116827574,6416862439263279.0,3430560288153430.0,360009730.1967716,400114100.6841345
12,36,0,2,0.0015609391094810962,6416862439263279.0,3702144485133062.5,360009730.1967716,414169249.7119024
12,36,0,3,0.0007751457168305142,6416862439263279.0,3623828174199923.5,360009730.1967716,422833626.8689042
12,36,0,4,0.01475874230490165,6416862439263279.0,3096998806086348.0,360009730.1967716,422964791.8619425
12,36,0,5,0.0053133353004887335,6416862439263279.0,3920154236046110.5,360009730.1967716,422176502.8377121
12,36,1,0,0.007064876665472805,6416862439263279.0,3214871110875772.0,360009730.1967716,357735950.23746115
12,36,1,1,4.00933288991673e-05,6416862439263279.0,2729534330871920.5,360009730.1967716,360009730.1967716
12,36,1,2,0.0027256734116827574,6416862439263279.0,3430560288153430.0,360009730.1967716,400114100.6841345
12,36,1,3,0.001561595409009242,6416862439263279.0,3220426633582132.5,360009730.1967716,414169249.7119024
12,36,1,4,0.0007749368935767014,6416862439263279.0,3623828174182766.0,360009730.1967716,422833626.8689042
12,36,1,5,0.015749705297880088,6416862439263279.0,3096998805995668.0,360009730.1967716,422964791.8619425
12,36,2,0,0.0018346592665366395,6416862439263279.0,2815788565817515.5,360009730.1967716,355100201.0144009
12,36,2,1,0.002295799301448936,6416862439263279.0,2648452068958960.5,360009730.1967716,357735950.23746115
12,36,2,2,4.00933288991673e-05,6416862439263279.0,2729534330871920.5,360009730.1967716,360009730.1967716
12,36,2,3,0.0027269561510226002,6416862439263279.0,3430560287230171.5,360009730.1967716,400114100.6841345
12,36,2,4,0.0015618191291715104,6416862439263279.0,3220426633582076.0,360009730.1967716,414169249.7119024
12,36,2,5,0.0007751009685013881,6416862439263279.0,3623828174182689.5,360009730.1967716,422833626.8689042
12,36,3,0,0.007764017086250927,6416862439263279.0,2791858739379367.5,360009730.1967716,333135835.6651832
12,36,3,1,0.0027648361358051047,6416862439263279.0,3373714667883569.5,360009730.1967716,355100201.0144009
12,36,3,2,0.0003120451418328709,6416862439263279.0,3702144290144584.5,360009730.1967716,357735950.23746115
12,36,3,3,4.009332889908205e-05,6416862439263279.0,2729534330851900.0,360009730.1967716,360009730.1967716
12,36,3,4,0.0027269561510300136,6416862439263279.0,3430560287230153.5,360009730.1967716,400114100.6841345
12,36,3,5,0.0015618191291824934,6416862439263279.0,3220426633582061.0,360009730.1967716,414169249.7119024
12,36,4,0,0.0064714957169347605,6416862439263279.0,2729534358536269.5,360009730.1967716,288485460.5913207
12,36,4,1,0.0028439018072118055,6416862439263279.0,3345043336649697.0,360009730.1967716,333135835.6651832
12,36,4,2,0.0016140076845119538,6416862439263279.0,3731546689364276.5,360009730.1967716,355100201.0144009
12,36,4,3,0.000309777972422889,6416862439263279.0,3623827021615480.0,360009730.1967716,357735950.23746115
12,36,4,4,4.009332888774116e-05,6416862439263279.0,2729534330851917.0,360009730.1967716,360009730.1967716
12,36,4,5,0.0027270456381979146,6416862439263279.0,3430560287230169.0,360009730.1967716,400114100.6841345
12,36,5,0,0.0042085897079254305,6416862439263279.0,2729534431488666.0,360009730.1967716,248587357.85840756
12,36,5,1,0.0028869747484580512,6416862439263279.0,3143952006796767.0,360009730.1967716,288485460.5913207
12,36,5,2,0.0019270693735397469,6416862439263279.0,3702144330975461.0,360009730.1967716,333135835.6651832
12,36,5,3,0.001613828695928396,6416862439263279.0,3623827063743042.0,360009730.1967716,355100201.0144009
12,36,5,4,0.015749257726670064,6416862439263279.0,2853898178589602.5,360009730.1967716,357735950.23746115
12,36,5,5,4.009332886988302e-05,6416862439263279.0,2729534330851898.5,360009730.1967716,360009730.1967716
12,37,0,0,0.005628422931554266,6416862439263279.0,2891433504472693.0,414169899.57250667,414169899.57250667
12,37,0,1,0.006465170526462229,6416862439263279.0,2484190401983921.0,414169899.57250667,422941306.18159467
12,37,0,2,0.0005279046464537774,6416862439263279.0,2633911893637909.5,414169899.57250667,423097951.5613853
12,37,0,3,0.0034734933697060234,6416862439263279.0,2618384067652323.5,414169899.57250667,422967739.1425069
12,37,0,4,0.005149918534266108,6416862439263279.0,2636009549255695.0,414169899.57250667,422176703.74223846
12,37,0,5,0.0026513726890295642,6416862439263279.0,2727179773021725.5,414169899.57250667,403091746.768659
12,37,1,0,0.004728634899469474,6416862439263279.0,2910026697961009.5,414169899.57250667,400114521.0585929
12,37,1,1,0.005628422931554266,6416862439263279.0,2891433504472693.0,414169899.57250667,414169899.57250667
12,37,1,2,0.00646517052646414,6416862439263279.0,2484190432761256.5,414169899.57250667,422941306.18159467
12,37,1,3,0.0005279046464535676,6416862439263279.0,2633911924006526.0,414169899.57250667,423097951.5613853
12,37,1,4,0.0034734933697059467,6416862439263279.0,2618384097843297.5,414169899.57250667,422967739.1425069
12,37,1,5,0.0051499101447157105,6416862439263279.0,2636009730651894.5,414169899.57250667,422176703.74223846
12,37,2,0,0.006316062067485598,6416862439263279.0,2693209190704712.0,414169899.57250667,360010271.3928615
12,37,2,1,0.004728634899469474,6416862439263279.0,2910026697961009.5,414169899.57250667,400114521.0585929
12,37,2,2,0.005628422931554266,6416862439263279.0,2891433504472379.5,414169899.57250667,414169899.57250667
12,37,2,3,0.006465170526494312,6416862439263279.0,2484190440379795.0,414169899.57250667,422941306.18159467
12,37,2,4,0.0005279046464546655,6416862439263279.0,2633911932084228.5,414169899.57250667,423097951.5613853
12,37,2,5,0.003473493369705151,6416862439263279.0,2618384105875539.5,414169899.57250667,422967739.1425069
12,37,3,0,0.004322144657785475,6416862439263279.0,2501467649756322.0,414169899.57250667,357736093.01032853
12,37,3,1,0.006316062067485598,6416862439263279.0,2693209190704712.0,414169899.57250667,360010271.3928615
12,37,3,2,0.004728634899469474,6416862439263279.0,2910026697960869.0,414169899.57250667,400114521.0585929
12,37,3,3,0.005628422931554266,6416862439263279.0,2891433504472317.0,414169899.57250667,414169899.57250667
12,37,3,4,0.006465170526490403,6416862439263279.0,2484190411718320.0,414169899.57250667,422941306.18159467
12,37,3,5,0.0005279046464575025,6416862439263279.0,2633911901695349.5,414169899.57250667,423097951.5613853
12,37,4,0,0.012163285377380305,6416862439263279.0,3104639124900952.5,414169899.57250667,355100275.4500632
12,37,4,1,0.004322144657785475,6416862439263279.0,2501467649758360.5,414169899.57250667,357736093.01032853
12,37,4,2,0.006316062067485598,6416862439263279.0,2693209190704902.5,414169899.57250667,360010271.3928615
12,37,4,3,0.004728634899469474,6416862439263279.0,2910026697961135.5,414169899.57250667,400114521.0585929
12,37,4,4,0.005628422931554266,6416862439263279.0,2891433504472693.0,414169899.57250667,414169899.57250667
12,37,4,5,0.0064651705265182016,6416862439263279.0,2484190401961699.0,414169899.57250667,422941306.18159467
12,37,5,0,0.006710838301248302,6416862439263279.0,3522933956518405.0,414169899.57250667,333135889.3082729
12,37,5,1,0.012163285377380305,6416862439263279.0,3104639124902581.5,414169899.57250667,355100275.4500632
12,37,5,2,0.004322144657785475,6416862439263279.0,2501467649756469.5,414169899.57250667,357736093.01032853
12,37,5,3,0.006316062067485598,6416862439263279.0,2693209190704902.5,414169899.57250667,360010271.3928615
12,37,5,4,0.004728634899469474,6416862439263279.0,2910026697961135.5,414169899.57250667,400114521.0585929
12,37,5,5,0.005628422931554266,6416862439263279.0,2891433504472693.0,414169899.57250667,414169899.57250667
12,38,0,0,0.0023933715906453343,6416862439263279.0,2524263560536873.0,423205698.1873148,423205698.1873148
12,38,0,1,0.0006799170368407067,6416862439263279.0,2557052490519093.0,423205698.1873148,423100899.76982594
12,38,0,2,0.007963769947308784,6416862439263279.0,2812268329495014.5,423205698.1873148,422967940.42356503
12,38,0,3,0.005755294246415695,6416862439263279.0,2524572585479017.5,423205698.1873148,422179550.3459476
12,38,0,4,0.008375841321372472,6416862439263279.0,2270421267185678.0,423205698.1873148,403091810.7147502
12,38,0,5,0.0038332516453570917,6416862439263279.0,2599258112426779.5,423205698.1873148,393101664.5251951
12,38,1,0,0.0066384928161871614,6416862439263279.0,2189274735511935.2,423205698.1873148,422941969.8061705
12,38,1,1,0.0023933715906453343,6416862439263279.0,2524263560536873.0,423205698.1873148,423205698.1873148
12,38,1,2,0.0006799170368407067,6416862439263279.0,2557052490519093.0,423205698.1873148,423100899.76982594
12,38,1,3,0.007963769947308784,6416862439263279.0,2812268329495014.5,423205698.1873148,422967940.42356503
12,38,1,4,0.005755294246415695,6416862439263279.0,2524572585479017.5,423205698.1873148,422179550.3459476
12,38,1,5,0.008382227479606463,6416862439263279.0,2270421267596842.0,423205698.1873148,403091810.7147502
12,38,2,0,0.005192353238585101,6416862439263279.0,2793554447023217.0,423205698.1873148,414170334.7145
12,38,2,1,0.0066384928161871614,6416862439263279.0,2189274735511935.2,423205698.1873148,422941969.8061705
12,38,2,2,0.0023933715906453343,6416862439263279.0,2524263560536873.0,423205698.1873148,423205698.1873148
12,38,2,3,0.0006799170368407067,6416862439263279.0,2557052490519093.0,423205698.1873148,423100899.76982594
12,38,2,4,0.007963769947308784,6416862439263279.0,2812268329495014.5,423205698.1873148,422967940.42356503
12,38,2,5,0.005755294246415695,6416862439263279.0,2524572585479017.5,423205698.1873148,422179550.3459476
12,38,3,0,0.003414797834097351,6416862439263279.0,2852572299818646.0,423205698.1873148,400115122.5434871
12,38,3,1,0.005192353238585101,6416862439263279.0,2793554447023217.0,423205698.1873148,414170334.7145
12,38,3,2,0.0066384928161871614,6416862439263279.0,2189274735511935.2,423205698.1873148,422941969.8061705
12,38,3,3,0.0023933715906453343,6416862439263279.0,2524263560536873.0,423205698.1873148,423205698.1873148
12,38,3,4,0.0006799170368407067,6416862439263279.0,2557052490519093.0,423205698.1873148,423100899.76982594
12,38,3,5,0.007963769947308784,6416862439263279.0,2812268329495014.5,423205698.1873148,422967940.42356503
12,38,4,0,0.0039039408954546864,6416862439263279.0,2635990184576756.5,423205698.1873148,360010415.0734137
12,38,4,1,0.003414797834102004,6416862439263279.0,2852572299822772.5,423205698.1873148,400115122.5434871
12,38,4,2,0.005192353238585101,6416862439263279.0,2793554447023217.0,423205698.1873148,414170334.7145
12,38,4,3,0.0066384928161871614,6416862439263279.0,2189274735511935.2,423205698.1873148,422941969.8061705
12,38,4,4,0.0023933715906453343,6416862439263279.0,2524263560536873.0,423205698.1873148,423205698.1873148
12,38,4,5,0.0006799170368407067,6416862439263279.0,2557052490519093.0,423205698.1873148,423100899.76982594
12,38,5,0,0.0026578087223210235,6416862439263279.0,2617770724790483.0,423205698.1873148,357736167.9985228
12,38,5,1,0.0039039408954622767,6416862439263279.0,2635990184580970.0,423205698.1873148,360010415.0734137
12,38,5,2,0.0034147978340912178,6416862439263279.0,2852572299826017.0,423205698.1873148,400115122.5434871
12,38,5,3,0.005192353238585101,6416862439263279.0,2793554447023217.0,423205698.1873148,414170334.7145
12,38,5,4,0.006638492816178873,6416862439263279.0,2189274735544343.5,423205698.1873148,422941969.8061705
12,38,5,5,0.0023933715906453343,6416862439263279.0,2524263560536873.0,423205698.1873148,423205698.1873148
12,39,0,0,0.010040954010758113,6416862439263279.0,2490348750938379.0,423101101.11425257,423101101.11425257
12,39,0,1,0.0034562792486731377,6416862439263279.0,2580506689158740.5,423101101.11425257,422970792.36233187
12,39,0,2,0.005579362646187158,6416862439263279.0,2651116718511670.5,423101101.11425257,422179617.32010955
12,39,0,3,0.01070099595513565,6416862439263279.0,2612255345116570.0,423101101.11425257,403093567.42754537
12,39,0,4,0.0007480459246967022,6416862439263279.0,2805275087258999.0,423101101.11425257,393102620.3508445
12,39,0,5,0.006604397560751445,6416862439263279.0,2079648707025523.5,423101101.11425257,390196037.32496154
12,39,1,0,0.0006440097311297034,6416862439263279.0,2419017578013868.5,423101101.11425257,423208647.14655024
12,39,1,1,0.010040954010758113,6416862439263279.0,2490348750938379.0,423101101.11425257,423101101.11425257
12,39,1,2,0.0034562792486731377,6416862439263279.0,2580506689158740.5,423101101.11425257,422970792.36233187
12,39,1,3,0.005579362646187158,6416862439263279.0,2651116718511670.5,423101101.11425257,422179617.32010955
12,39,1,4,0.01070099595513565,6416862439263279.0,2612255345116570.0,423101101.11425257,403093567.42754537
12,39,1,5,0.006798331020170205,6416862439263279.0,2805275087259202.5,423101101.11425257,393097051.4005445
12,39,2,0,0.004794080069745781,6416862439263279.0,2577960312660963.0,423101101.11425257,423206362.2267411
12,39,2,1,0.0006440097311297034,6416862439263279.0,2419017578013868.5,423101101.11425257,423208647.14655024
12,39,2,2,0.010040954010758113,6416862439263279.0,2490348750938379.0,423101101.11425257,423101101.11425257
12,39,2,3,0.0034562792486731377,6416862439263279.0,2580506689158740.5,423101101.11425257,422970792.36233187
12,39,2,4,0.005579362646187158,6416862439263279.0,2651116718511670.5,423101101.11425257,422179617.32010955
12,39,2,5,0.008297791873530927,6416862439263279.0,2612255345123640.0,423101101.11425257,403086028.2835363
12,39,3,0,0.0019913972016009323,6416862439263279.0,2522147265087157.0,423101101.11425257,422942414.1644206
12,39,3,1,0.004794080069745781,6416862439263279.0,2580492296120292.5,423101101.11425257,423206362.2267411
12,39,3,2,0.0006440097311297034,6416862439263279.0,2419017578013869.5,423101101.11425257,423208647.14655024
12,39,3,3,0.010040954010758113,6416862439263279.0,2490348750938379.0,423101101.11425257,423101101.11425257
12,39,3,4,0.0034562792486731377,6416862439263279.0,2580506689158740.5,423101101.11425257,422970792.36233187
12,39,3,5,0.005579373773936161,6416862439263279.0,2651116718521756.5,423101101.11425257,421909813.87846935
12,39,4,0,0.0037304483525011137,6416862439263279.0,2502498067563669.5,423101101.11425257,414170957.3292434
12,39,4,1,0.0019913972016009323,6416862439263279.0,2580491141114288.0,423101101.11425257,422942414.1644206
12,39,4,2,0.004794080069745781,6416862439263279.0,2557058237104061.5,423101101.11425257,423206362.2267411
12,39,4,3,0.006787666865555351,6416862439263279.0,2419017578013868.5,423101101.11425257,423208647.14655024
12,39,4,4,0.010040954010758113,6416862439263279.0,2490348750938379.0,423101101.11425257,423101101.11425257
12,39,4,5,0.0034563366931927553,6416862439263279.0,2203132400582724.2,423101101.11425257,413933487.30969983
12,39,5,0,0.0038257732918481986,6416862439263279.0,2852533311392787.5,423101101.11425257,400115282.2299357
12,39,5,1,0.0037304483525011137,6416862439263279.0,2580487986723316.5,423101101.11425257,414170957.3292434
12,39,5,2,0.0019913972016009323,6416862439263279.0,2522147265087156.0,423101101.11425257,422942414.1644206
12,39,5,3,0.00828497897758962,6416862439263279.0,2557058237104060.5,423101101.11425257,423206362.2267411
12,39,5,4,0.0006440097311297034,6416862439263279.0,2419017578013868.5,423101101.11425257,423208647.14655024
12,39,5,5,0.01004090553871329,6416862439263279.0,2852531585836259.0,423101101.11425257,400011605.44837016
12,40,0,0,0.0019359884151143349,6416862439263279.0,2729548788803898.0,422970859.4620157,422970859.4620157
12,40,0,1,0.002847813060776935,6416862439263279.0,3724580218865916.5,422970859.4620157,422181457.21939766
12,40,0,2,0.0016208212507369648,6416862439263279.0,3778851775537517.0,422970859.4620157,403094547.54848033
12,40,0,3,0.00030518572438509284,6416862439263279.0,3623830832390625.0,422970859.4620157,393099951.35788155
12,40,0,4,0.014759654000047622,6416862439263279.0,3276666277874635.5,422970859.4620157,390198730.19391817
12,40,0,5,0.005806386844645341,6416862439263279.0,3571439449711145.5,422970859.4620157,388874653.19345695
12,40,1,0,0.006932412615606338,6416862439263279.0,3214871840068132.0,422970859.4620157,423103953.95088017
12,40,1,1,0.0019359884151143349,6416862439263279.0,2729548788803898.0,422970859.4620157,422970859.4620157
12,40,1,2,0.002847813060776935,6416862439263279.0,3724490253262834.5,422970859.4620157,422181457.21939766
12,40,1,3,0.001620796257536577,6416862439263279.0,3778851775538504.5,422970859.4620157,403091746.768659
12,40,1,4,0.00030521424265213666,6416862439263279.0,3623830832390461.0,422970859.4620157,393099888.9968894
12,40,1,5,0.014759625480008498,6416862439263279.0,3276666277874580.5,422970859.4620157,390198668.2931726
12,40,2,0,0.007326505711934181,6416862439263279.0,2729534484364598.5,422970859.4620157,423208848.5422505
12,40,2,1,0.00275728727586543,6416862439263279.0,2572971804459321.5,422970859.4620157,423103953.95088017
12,40,2,2,0.0019359884151143349,6416862439263279.0,2729548788803924.0,422970859.4620157,422970859.4620157
12,40,2,3,0.0028477801440273147,6416862439263279.0,3726503482622172.0,422970859.4620157,422176703.74223846
12,40,2,4,0.001620762466865744,6416862439263279.0,3778851775613353.0,422970859.4620157,403089028.8670921
12,40,2,5,0.0003052505965822908,6416862439263279.0,3623830832462541.5,422970859.4620157,393097238.46679825
12,40,3,0,0.002266367169652981,6416862439263279.0,2729534387708054.0,422970859.4620157,423209311.1906029
12,40,3,1,0.0025354877096303205,6416862439263279.0,2909186190825405.0,422970859.4620157,423208848.5422505
12,40,3,2,0.0049380196383592345,6416862439263279.0,3075203283109551.0,422970859.4620157,423103953.95088017
12,40,3,3,0.0019360300562240149,6416862439263279.0,2729548788803433.5,422970859.4620157,422967739.1425069
12,40,3,4,0.002847805312999848,6416862439263279.0,3724496327154544.5,422970859.4620157,422176502.8377121
12,40,3,5,0.0016207874013015394,6416862439263279.0,3778851775595848.5,422970859.4620157,403088837.0459668
12,40,4,0,0.00022200368694139233,6416862439263279.0,2729534318251209.5,422970859.4620157,423206806.8627715
12,40,4,1,0.002418329904079559,6416862439263279.0,2640958066125629.0,422970859.4620157,423209311.1906029
12,40,4,2,0.0035460272153556432,6416862439263279.0,3217748153861504.5,422970859.4620157,423208848.5422505
12,40,4,3,0.004938001694371194,6416862439263279.0,3623827878547469.0,422970859.4620157,423097951.5613853
12,40,4,4,0.001935996498751039,6416862439263279.0,2729548788810496.5,422970859.4620157,422964791.8619425
12,40,4,5,0.0028478239562642962,6416862439263279.0,3724496327161367.5,422970859.4620157,422173561.0705602
12,40,5,0,0.008126345751623555,6416862439263279.0,2729534360449477.0,422970859.4620157,422943049.96607137
12,40,5,1,0.0023241796468612646,6416862439263279.0,3188285158434430.5,422970859.4620157,423206806.8627715
12,40,5,2,0.0028078434805801074,6416862439263279.0,3075202599783625.0,422970859.4620157,423209311.1906029
12,40,5,3,0.019599954309186794,6416862439263279.0,3623827202118400.5,422970859.4620157,422941306.18159467
12,40,5,4,0.020991906419379473,6416862439263279.0,2853898851130548.0,422970859.4620157,422833626.8689042
12,40,5,5,0.001935966665385802,6416862439263279.0,2729548788814199.0,422970859.4620157,422700550.359173
12,41,0,0,0.004832530472138897,6416862439263279.0,2701682507675828.5,422182483.7524858,422182483.7524858
12,41,0,1,0.005642976789610101,6416862439263279.0,2299311835125895.0,422182483.7524858,403340340.4712685
12,41,0,2,0.006211517921274098,6416862439263279.0,2835425758890983.5,422182483.7524858,393362861.0164518
12,41,0,3,0.000427413113926409,6416862439263279.0,2306872770975586.0,422182483.7524858,390464298.94227576
12,41,0,4,0.0032940859823631674,6416862439263279.0,2558577443079013.0,422182483.7524858,389189995.7886142
12,41,0,5,0.005131651660628583,6416862439263279.0,2524184713199559.0,422182483.7524858,322289528.7729963
12,41,1,0,0.007342454876510099,6416862439263279.0,2726150896400017.5,422182483.7524858,422972702.80961347
12,41,1,1,0.004893463220970652,6416862439263279.0,2466393245332236.0,422182483.7524858,422182483.7524858
12,41,1,2,0.005708508034530526,6416862439263279.0,2299311835105932.0,422182483.7524858,403340340.4712685
12,41,1,3,0.00621868719636212,6416862439263279.0,2835425758892598.0,422182483.7524858,393362861.0164518
12,41,1,4,0.00047011462723020304,6416862439263279.0,2514532608236615.0,422182483.7524858,390464298.94227576
12,41,1,5,0.003241305248537062,6416862439263279.0,2558576347448248.0,422182483.7524858,389189995.7886142
12,41,2,0,0.0028237051228405066,6416862439263279.0,2709415243298861.0,422182483.7524858,423104021.07168865
12,41,2,1,0.006896878627987847,6416862439263279.0,2368929871335671.0,422182483.7524858,422972702.80961347
12,41,2,2,0.00482316941325328,6416862439263279.0,2466393245344002.5,422182483.7524858,422182483.7524858
12,41,2,3,0.0057205006419588905,6416862439263279.0,2299311835138211.0,422182483.7524858,403340340.4712685
12,41,2,4,0.0063061551080660656,6416862439263279.0,2835425758832311.5,422182483.7524858,393362861.0164518
12,41,2,5,0.0005179955859084915,6416862439263279.0,2628025641113310.0,422182483.7524858,390464298.94227576
12,41,3,0,0.010719121221535729,6416862439263279.0,3222923774006366.5,422182483.7524858,423211702.1053848
12,41,3,1,0.002885955115976986,6416862439263279.0,2675610371179553.5,422182483.7524858,423364889.53029704
12,41,3,2,0.006832749766510631,6416862439263279.0,2368929871346888.5,422182483.7524858,422972702.80961347
12,41,3,3,0.0048172736154828725,6416862439263279.0,2466393245378851.0,422182483.7524858,422182483.7524858
12,41,3,4,0.005676432029868714,6416862439263279.0,2561214425848150.5,422182483.7524858,403340340.4712685
12,41,3,5,0.006252163415160952,6416862439263279.0,2835425759160022.0,422182483.7524858,393362861.0164518
12,41,4,0,0.00670691278052883,6416862439263279.0,3352242118253626.0,422182483.7524858,423209512.58661973
12,41,4,1,0.012165715877758573,6416862439263279.0,3185719654948040.5,422182483.7524858,423472704.1349662
12,41,4,2,0.0028179999625828262,6416862439263279.0,2675610371196664.0,422182483.7524858,423386997.78876823
12,41,4,3,0.006321341936230278,6416862439263279.0,2368929871381297.0,422182483.7524858,422972702.80961347
12,41,4,4,0.004732127998698149,6416862439263279.0,2552755881448940.5,422182483.7524858,422182483.7524858
12,41,4,5,0.005626190201213528,6416862439263279.0,2400845305729060.0,422182483.7524858,403340340.4712685
12,41,5,0,0.013362809027247787,6416862439263279.0,3559237082580293.5,422182483.7524858,423209755.8297313
12,41,5,1,0.008149901834957778,6416862439263279.0,3595954605366371.5,422182483.7524858,423473368.5933434
12,41,5,2,0.010223443964884874,6416862439263279.0,3457234644483733.0,422182483.7524858,423494818.02355367
12,41,5,3,0.002811793322435724,6416862439263279.0,2906393356592190.5,422182483.7524858,423391985.1182268
12,41,5,4,0.006741343936516635,6416862439263279.0,2924345714006240.5,422182483.7524858,422972702.80961347
12,41,5,5,0.004785825920487142,6416862439263279.0,2898098440970126.0,422182483.7524858,422182483.7524858
12,42,0,0,0.005180463090776381,6416862439263279.0,2547404259348823.0,403361403.0409803,403361403.0409803
12,42,0,1,0.006654415262955259,6416862439263279.0,2705890410762192.0,403361403.0409803,393367494.6735908
12,42,0,2,0.002406440807016719,6416862439263279.0,2783171707979349.0,403361403.0409803,390515146.4972078
12,42,0,3,0.0006673524495017183,6416862439263279.0,2307010835481202.5,403361403.0409803,389214179.4798858
12,42,0,4,0.007966477129291577,6416862439263279.0,2812346405578702.0,403361403.0409803,322312731.20193803
12,42,0,5,0.005798751665943997,6416862439263279.0,2607205321006198.0,403361403.0409803,223510107.47857556
12,42,1,0,0.003463519169384678,6416862439263279.0,2821414415947496.0,403361403.0409803,422439915.8295568
12,42,1,1,0.005180463090776381,6416862439263279.0,2547404259348823.0,403361403.0409803,403361403.0409803
12,42,1,2,0.006654415262955259,6416862439263279.0,2705890410762192.0,403361403.0409803,393367494.6735908
12,42,1,3,0.0024070113277296187,6416862439263279.0,2358634811055076.0,403361403.0409803,390515146.4972078
12,42,1,4,0.0006672573631023147,6416862439263279.0,2307010835464244.0,403361403.0409803,389214179.4798858
12,42,1,5,0.007963301970107549,6416862439263279.0,2812346405558030.5,403361403.0409803,322312731.20193803
12,42,2,0,0.003961543037728067,6416862439263279.0,2065858467321345.0,403361403.0409803,422973731.2666124
12,42,2,1,0.003463519169384678,6416862439263279.0,2821414415947496.0,403361403.0409803,422439915.8295568
12,42,2,2,0.005180463090776381,6416862439263279.0,2547404259348823.0,403361403.0409803,403361403.0409803
12,42,2,3,0.006654047972054498,6416862439263279.0,2705890409708956.0,403361403.0409803,393367494.6735908
12,42,2,4,0.0024067801367887937,6416862439263279.0,2358634811054999.0,403361403.0409803,390515146.4972078
12,42,2,5,0.0006673263478074073,6416862439263279.0,2307010835464169.5,403361403.0409803,389214179.4798858
12,42,3,0,0.002589086069062727,6416862439263279.0,2524575349670428.5,403361403.0409803,423105864.9996169
12,42,3,1,0.003961543037728067,6416862439263279.0,2065858467321345.0,403361403.0409803,422973731.2666124
12,42,3,2,0.0034626918167541317,6416862439263279.0,2821414417639093.5,403361403.0409803,422439915.8295568
12,42,3,3,0.0051804712473539,6416862439263279.0,2547404259329994.0,403361403.0409803,403361403.0409803
12,42,3,4,0.006654031193107106,6416862439263279.0,2705890402661957.0,403361403.0409803,393367494.6735908
12,42,3,5,0.002406799713012395,6416862439263279.0,2358634811054982.0,403361403.0409803,390515146.4972078
12,42,4,0,0.005125532423075472,6416862439263279.0,2614240321214744.5,403361403.0409803,423494818.02355367
12,42,4,1,0.002589086069062727,6416862439263279.0,2524575349670428.5,403361403.0409803,423105864.9996169
12,42,4,2,0.00396146147366778,6416862439263279.0,2783184137157091.5,403361403.0409803,422973731.2666124
12,42,4,3,0.0034639610442459916,6416862439263279.0,2821414415947400.5,403361403.0409803,422439915.8295568
12,42,4,4,0.0051804177638773066,6416862439263279.0,2614250450424051.5,403361403.0409803,403361403.0409803
12,42,4,5,0.006653978976606172,6416862439263279.0,2705890459133131.5,403361403.0409803,393367494.6735908
12,42,5,0,0.0032139215507239883,6416862439263279.0,2457265199365629.5,403361403.0409803,423495482.5166287
12,42,5,1,0.005125532888640393,6416862439263279.0,2614240321214941.5,403361403.0409803,423499806.62309176
12,42,5,2,0.002589245360023027,6416862439263279.0,2783156503366701.5,403361403.0409803,423105864.9996169
12,42,5,3,0.003961734613446839,6416862439263279.0,2065858467322647.5,403361403.0409803,422973731.2666124
12,42,5,4,0.0034640621842256143,6416862439263279.0,2821414415947525.0,403361403.0409803,422439915.8295568
12,42,5,5,0.005180451671780546,6416862439263279.0,2547404222481135.0,403361403.0409803,403361403.0409803
12,43,0,0,0.001997352147107544,6416862439263279.0,2358591750363578.5,393418720.2922915,393418720.2922915
12,43,0,1,0.004831603582224089,6416862439263279.0,1992530489982202.5,393418720.2922915,390539412.53138584
12,43,0,2,0.0005721144456664411,6416862439263279.0,2455645055277897.5,393418720.2922915,389242199.9817511
12,43,0,3,0.009987645137133695,6416862439263279.0,2266234939090494.5,393418720.2922915,322314085.9033524
12,43,0,4,0.0034424437553443443,6416862439263279.0,2463456492677405.0,393418720.2922915,223511784.22707313
12,43,0,5,0.0055327352515857926,6416862439263279.0,2856551485151523.0,393418720.2922915,212909200.0696828
12,43,1,0,0.0037104377797456344,6416862439263279.0,2636218486166403.0,393418720.2922915,403366154.47694427
12,43,1,1,0.001997352147107544,6416862439263279.0,2358591750363578.5,393418720.2922915,393418720.2922915
12,43,1,2,0.004831603582224089,6416862439263279.0,1992530489982202.5,393418720.2922915,390539412.53138584
12,43,1,3,0.0005962609456879254,6416862439263279.0,2455645049329147.0,393418720.2922915,389242199.9817511
12,43,1,4,0.009987645137133695,6416862439263279.0,2265626134838048.5,393418720.2922915,322314085.9033524
12,43,1,5,0.0034424437553443443,6416862439263279.0,2463456326658166.5,393418720.2922915,223511784.22707313
12,43,2,0,0.0038225909321511005,6416862439263279.0,2607223661256277.5,393418720.2922915,422461975.7855877
12,43,2,1,0.0037104377797456344,6416862439263279.0,2636218486166403.0,393418720.2922915,403366154.47694427
12,43,2,2,0.001997352147107544,6416862439263279.0,2358591750363578.5,393418720.2922915,393418720.2922915
12,43,2,3,0.004831603582224089,6416862439263279.0,1992530489982202.5,393418720.2922915,390539412.53138584
12,43,2,4,0.0005633179670044047,6416862439263279.0,2455645047898870.5,393418720.2922915,389242199.9817511
12,43,2,5,0.010039596190992553,6416862439263279.0,2265870881613937.0,393418720.2922915,322314085.9033524
12,43,3,0,0.00838258174933329,6416862439263279.0,2374741479176409.0,393418720.2922915,423231645.8186774
12,43,3,1,0.0038225909321511005,6416862439263279.0,2607223661256277.5,393418720.2922915,422461975.7855877
12,43,3,2,0.0037104377797456344,6416862439263279.0,2636218486166403.0,393418720.2922915,403366154.47694427
12,43,3,3,0.001997352147107544,6416862439263279.0,2358591750363578.5,393418720.2922915,393418720.2922915
12,43,3,4,0.004831603582224089,6416862439263279.0,1992530489982202.5,393418720.2922915,390539412.53138584
12,43,3,5,0.0005677907842538668,6416862439263279.0,2455645048343578.0,393418720.2922915,389242199.9817511
12,43,4,0,0.00575191935421542,6416862439263279.0,2821359308439249.0,393418720.2922915,423106893.78039956
12,43,4,1,0.00838258174933329,6416862439263279.0,2374741479176409.0,393418720.2922915,423231645.8186774
12,43,4,2,0.0038225909321511005,6416862439263279.0,2607223661256277.5,393418720.2922915,422461975.7855877
12,43,4,3,0.0037104377797456344,6416862439263279.0,2636218486166403.0,393418720.2922915,403366154.47694427
12,43,4,4,0.001997352147107544,6416862439263279.0,2358591750363578.5,393418720.2922915,393418720.2922915
12,43,4,5,0.004831603582224089,6416862439263279.0,1992530489982202.5,393418720.2922915,390539412.53138584
12,43,5,0,0.008000998280955346,6416862439263279.0,2812252479187740.0,393418720.2922915,423213613.64079195
12,43,5,1,0.00575191935421542,6416862439263279.0,2821359308439249.0,393418720.2922915,423106893.78039956
12,43,5,2,0.00838258174933329,6416862439263279.0,2374741479176409.0,393418720.2922915,423231645.8186774
12,43,5,3,0.0038225909321511005,6416862439263279.0,2607223661256277.5,393418720.2922915,422461975.7855877
12,43,5,4,0.0037104377797456344,6416862439263279.0,2636218486166403.0,393418720.2922915,403366154.47694427
12,43,5,5,0.001997352147107544,6416862439263279.0,2358591750363578.5,393418720.2922915,393418720.2922915
12,44,0,0,3.539371469605934e-05,6416862439263279.0,2463468931007374.0,390567528.4400924,390567528.4400924
12,44,0,1,0.0014490936484080506,6416862439263279.0,2196059420825494.8,390567528.4400924,389243835.99208474
12,44,0,2,0.005444357794399476,6416862439263279.0,2727249658655668.5,390567528.4400924,322316503.86854154
12,44,0,3,0.006831849378153116,6416862439263279.0,2313010464545503.0,390567528.4400924,223689584.56808293
12,44,0,4,0.003226560322933156,6416862439263279.0,2377340397935694.0,390567528.4400924,212920790.3853981
12,44,0,5,0.00046399736723612455,6416862439263279.0,3099785596266404.5,390567528.4400924,412113808.6745135
12,44,1,0,0.006600187719591603,6416862439263279.0,2241068115036632.5,390567528.4400924,393443166.75025505
12,44,1,1,3.539371469605934e-05,6416862439263279.0,2463468931007374.0,390567528.4400924,390567528.4400924
12,44,1,2,0.0014490936484080506,6416862439263279.0,2196053096311272.2,390567528.4400924,389243835.99208474
12,44,1,3,0.005444357794399476,6416862439263279.0,2727249658655595.5,390567528.4400924,322316503.86854154
12,44,1,4,0.006831849378159868,6416862439263279.0,2313010437859787.0,390567528.4400924,223689584.56808293
12,44,1,5,0.0032265603229327594,6416862439263279.0,2377340370507040.5,390567528.4400924,212920927.00130236
12,44,2,0,0.0006444595725991763,6416862439263279.0,2805286990744948.5,390567528.4400924,403418682.1542577
12,44,2,1,0.006600187719591603,6416862439263279.0,2241068115036632.5,390567528.4400924,393443166.75025505
12,44,2,2,3.539371469605934e-05,6416862439263279.0,2463468931007399.5,390567528.4400924,390567528.4400924
12,44,2,3,0.0014490936484080506,6416862439263279.0,2196081876888853.8,390567528.4400924,389243835.99208474
12,44,2,4,0.005444357794399476,6416862439263279.0,2727249658655597.0,390567528.4400924,322316503.86854154
12,44,2,5,0.006831849378223188,6416862439263279.0,2313010428775544.0,390567528.4400924,223689584.56808293
12,44,3,0,0.00820815413015999,6416862439263279.0,2824970611634070.0,390567528.4400924,422466952.21865696
12,44,3,1,0.0006444595725991763,6416862439263279.0,2805286990746021.0,390567528.4400924,403418682.1542577
12,44,3,2,0.006600187719591603,6416862439263279.0,2241068115036657.5,390567528.4400924,393443166.75025505
12,44,3,3,3.539371469605934e-05,6416862439263279.0,2463468931007478.5,390567528.4400924,390567528.4400924
12,44,3,4,0.0014490936484080506,6416862439263279.0,2196053174680612.8,390567528.4400924,389243835.99208474
12,44,3,5,0.005444357794399476,6416862439263279.0,2727249658655597.0,390567528.4400924,322316503.86854154
12,44,4,0,0.0055402303036262675,6416862439263279.0,1838586535578609.0,390567528.4400924,423253747.1191173
12,44,4,1,0.00820815413015999,6416862439263279.0,2824970611634071.5,390567528.4400924,422466952.21865696
12,44,4,2,0.0006444595725991763,6416862439263279.0,2805286990746510.5,390567528.4400924,403418682.1542577
12,44,4,3,0.006600187719591603,6416862439263279.0,2241068115036730.5,390567528.4400924,393443166.75025505
12,44,4,4,3.539371469605934e-05,6416862439263279.0,2463468931007374.0,390567528.4400924,390567528.4400924
12,44,4,5,0.0014490936484080506,6416862439263279.0,2196053174680612.8,390567528.4400924,389243835.99208474
12,44,5,0,0.003426249376455805,6416862439263279.0,2246424735540057.0,390567528.4400924,423364889.53029704
12,44,5,1,0.0055402303036262675,6416862439263279.0,2139136027296950.8,390567528.4400924,423253747.1191173
12,44,5,2,0.00820815413015999,6416862439263279.0,2824970611634132.5,390567528.4400924,422466952.21865696
12,44,5,3,0.0006444595725991763,6416862439263279.0,2805286990768114.0,390567528.4400924,403418682.1542577
12,44,5,4,0.006600187719591603,6416862439263279.0,2241068115036634.8,390567528.4400924,393443166.75025505
12,44,5,5,3.539371469605934e-05,6416862439263279.0,2463468931007374.0,390567528.4400924,390567528.4400924
12,45,0,0,0.009941455552599574,6416862439263279.0,2729623710594644.5,389246756.05697423,389246756.05697423
12,45,0,1,0.0023244781571010132,6416862439263279.0,2859167877901221.0,389246756.05697423,322572901.9125913
12,45,0,2,0.002810630853667671,6416862439263279.0,3075251328867323.0,389246756.05697423,227768507.52773112
12,45,0,3,0.003549430474832764,6416862439263279.0,3623828784935278.5,389246756.05697423,102260033.19115222
12,45,0,4,0.02098907799992803,6416862439263279.0,2853991865570161.5,389246756.05697423,412358093.36498445
12,45,0,5,0.0038228419932398467,6416862439263279.0,3309226310375246.0,389246756.05697423,413009920.87700963
12,45,1,0,0.0032961186156049804,6416862439263279.0,3214921487948012.0,389246756.05697423,390569170.0208675
12,45,1,1,0.009941455552599574,6416862439263279.0,2729623710594644.5,389246756.05697423,389246756.05697423
12,45,1,2,0.002324478157096459,6416862439263279.0,2859167877903592.0,389246756.05697423,322572901.9125913
12,45,1,3,0.0028106308536673726,6416862439263279.0,3075251328868556.5,389246756.05697423,227768507.52773112
12,45,1,4,0.0035494081006429462,6416862439263279.0,3623828784936733.0,389246756.05697423,102260033.19115222
12,45,1,5,0.02098908228003687,6416862439263279.0,2853943177320727.5,389246756.05697423,413762128.99150944
12,45,2,0,0.0070816112554292305,6416862439263279.0,2729537263560828.5,389246756.05697423,393471491.7074869
12,45,2,1,0.0019021945313545054,6416862439263279.0,2469334335834607.5,389246756.05697423,390569170.0208675
12,45,2,2,0.009941455552599674,6416862439263279.0,2729623710615436.0,389246756.05697423,389246756.05697423
12,45,2,3,0.0023244968012595276,6416862439263279.0,2859167877924221.0,389246756.05697423,322572901.9125913
12,45,2,4,0.00281063085366757,6416862439263279.0,3075251328890748.5,389246756.05697423,227768507.52773112
12,45,2,5,0.0035494081006430325,6416862439263279.0,3623828784962881.5,389246756.05697423,102260033.19115222
12,45,3,0,0.008379064212060566,6416862439263279.0,2729543368312768.0,389246756.05697423,403443749.9950757
12,45,3,1,0.014318140941681094,6416862439263279.0,3123358208664733.5,389246756.05697423,393471491.7074869
12,45,3,2,0.0034537980058069366,6416862439263279.0,3075250774045021.5,389246756.05697423,390569170.0208675
12,45,3,3,0.009941455552599574,6416862439263279.0,2729623710594644.5,389246756.05697423,389246756.05697423
12,45,3,4,0.002324496801259629,6416862439263279.0,2859167877902443.0,389246756.05697423,322572901.9125913
12,45,3,5,0.002810630853667671,6416862439263279.0,3075251328867323.0,389246756.05697423,227768507.52773112
12,45,4,0,0.000609188286506965,6416862439263279.0,2949561747732926.5,389246756.05697423,422521967.2651491
12,45,4,1,0.001787748960037667,6416862439263279.0,2485871685566359.0,389246756.05697423,403443749.9950757
12,45,4,2,0.0036207302837714265,6416862439263279.0,3454636262691552.0,389246756.05697423,393471491.7074869
12,45,4,3,0.0034537980058069366,6416862439263279.0,3623883841992761.5,389246756.05697423,390569170.0208675
12,45,4,4,0.009941455552599574,6416862439263279.0,2729623710594644.5,389246756.05697423,389246756.05697423
12,45,4,5,0.002324496801259629,6416862439263279.0,2859167877902443.0,389246756.05697423,322572901.9125913
12,45,5,0,0.0033210241870862346,6416862439263279.0,2729548861818480.0,389246756.05697423,423258732.8789365
12,45,5,1,0.0014177306279194223,6416862439263279.0,3533993958106025.0,389246756.05697423,422521967.2651491
12,45,5,2,0.0034260698923352967,6416862439263279.0,3075212718135659.5,389246756.05697423,403443749.9950757
12,45,5,3,0.0036207302837714265,6416862439263279.0,3623830891850703.0,389246756.05697423,393471491.7074869
12,45,5,4,0.012600064777619782,6416862439263279.0,2853942924417118.0,389246756.05697423,390569170.0208675
12,45,5,5,0.009941455552599574,6416862439263279.0,2729623710594644.5,389246756.05697423,389246756.05697423
12,46,0,0,0.00763737065222912,6416862439263279.0,2241555992735824.5,328454937.13459414,328454937.13459414
12,46,0,1,0.0047090219878773215,6416862439263279.0,2651708345139818.0,328454937.13459414,235839407.5796419
12,46,0,2,0.005436050898889318,6416862439263279.0,2641236058876402.5,328454937.13459414,66179895.20977346
12,46,0,3,0.005803434679805402,6416862439263279.0,2719427968947369.5,328454937.13459414,341993636.91830647
12,46,0,4,0.00043570339358047004,6416862439263279.0,2502564284550398.5,328454937.13459414,342179803.6981576
12,46,0,5,0.0032324541514052326,6416862439263279.0,2528735109621878.5,328454937.13459414,343726774.13812387
12,46,1,0,0.0029328040482912705,6416862439263279.0,2845721444163183.5,328454937.13459414,389556396.1334404
12,46,1,1,0.00763737065222912,6416862439263279.0,2241555992735824.5,328454937.13459414,328454937.13459414
12,46,1,2,0.0047090219878773215,6416862439263279.0,2651708345139818.0,328454937.13459414,235839407.5796419
12,46,1,3,0.005436050898889318,6416862439263279.0,2638644387899459.5,328454937.13459414,66179895.20977346
12,46,1,4,0.0058034361613653555,6416862439263279.0,2719427659673960.0,328454937.13459414,413009920.87700963
12,46,1,5,0.00043570191179526584,6416862439263279.0,2590602965877416.0,328454937.13459414,413234745.8990898
12,46,2,0,0.004203731106131299,6416862439263279.0,2893231147427959.0,328454937.13459414,390572100.0282682
12,46,2,1,0.0029328040482912705,6416862439263279.0,2845721444163183.5,328454937.13459414,389556396.1334404
12,46,2,2,0.00763737065222912,6416862439263279.0,2241555992735824.5,328454937.13459414,328454937.13459414
12,46,2,3,0.0047090219878773215,6416862439263279.0,2651708347841722.5,328454937.13459414,235839407.5796419
12,46,2,4,0.005436050898889318,6416862439263279.0,2451778836407112.5,328454937.13459414,66179895.20977346
12,46,2,5,0.005803431882019409,6416862439263279.0,2719381266773496.0,328454937.13459414,414416175.9071602
12,46,3,0,0.0009243940107374238,6416862439263279.0,2759900182660066.5,328454937.13459414,393473145.49381
12,46,3,1,0.004203731106131299,6416862439263279.0,2893231147427959.0,328454937.13459414,390572100.0282682
12,46,3,2,0.0029328040482912705,6416862439263279.0,2845721444163182.5,328454937.13459414,389556396.1334404
12,46,3,3,0.00763737065222912,6416862439263279.0,2241555992735824.5,328454937.13459414,328454937.13459414
12,46,3,4,0.0047090219878773215,6416862439263279.0,2651708375067494.0,328454937.13459414,235839407.5796419
12,46,3,5,0.005436050898889318,6416862439263279.0,2451779020585399.0,328454937.13459414,66179895.20977346
12,46,4,0,0.019601613093676345,6416862439263279.0,3162407308347234.5,328454937.13459414,403472794.9192982
12,46,4,1,0.0009243940107374238,6416862439263279.0,2759900182660066.5,328454937.13459414,393473145.49381
12,46,4,2,0.004203731106131299,6416862439263279.0,3140467187441253.0,328454937.13459414,390572100.0282682
12,46,4,3,0.0029328040482912705,6416862439263279.0,2845721444163182.5,328454937.13459414,389556396.1334404
12,46,4,4,0.00763737065222912,6416862439263279.0,2241555992735825.8,328454937.13459414,328454937.13459414
12,46,4,5,0.0047090219878773215,6416862439263279.0,2651708360665416.0,328454937.13459414,235839407.5796419
12,46,5,0,0.0188632221840835,6416862439263279.0,3623854733458625.0,328454937.13459414,422548222.1558771
12,46,5,1,0.019601613093676345,6416862439263279.0,3162407308347234.5,328454937.13459414,403472794.9192982
12,46,5,2,0.0009244667311239965,6416862439263279.0,3266429329595997.5,328454937.13459414,393473145.49381
12,46,5,3,0.004203731106131299,6416862439263279.0,2893231147427958.5,328454937.13459414,390572100.0282682
12,46,5,4,0.0029328040482912705,6416862439263279.0,2845721444163182.5,328454937.13459414,389556396.1334404
12,46,5,5,0.00763737065222912,6416862439263279.0,2241555992735824.8,328454937.13459414,328454937.13459414
12,47,0,0,0.003964815313903624,6416862439263279.0,2840890582552854.0,236782688.00324744,236782688.00324744
12,47,0,1,0.0034764857065424436,6416862439263279.0,2651112312142060.0,236782688.00324744,46948959.16102339
12,47,0,2,0.005239731159095634,6416862439263279.0,2204235185247963.2,236782688.00324744,28745958.606071312
12,47,0,3,0.0066234540577491535,6416862439263279.0,2517865597103530.5,236782688.00324744,26934510.044112682
12,47,0,4,0.0024499417752352876,6416862439263279.0,2522137525261687.5,236782688.00324744,26587397.23237867
12,47,0,5,0.0006753120219499522,6416862439263279.0,2400192003889584.0,236782688.00324744,26123621.361850612
12,47,1,0,0.002640643948075693,6416862439263279.0,2648394938238204.0,236782688.00324744,340093626.7603146
12,47,1,1,0.003964815313903624,6416862439263279.0,2840890582552854.0,236782688.00324744,236782688.00324744
12,47,1,2,0.0034764857065424436,6416862439263279.0,2651112312142060.0,236782688.00324744,46948959.16102339
12,47,1,3,0.005239744120983883,6416862439263279.0,2204307567297692.2,236782688.00324744,342179803.6981576
12,47,1,4,0.00662344991786258,6416862439263279.0,2517948337352413.0,236782688.00324744,343726774.13812387
12,47,1,5,0.0024499440344658255,6416862439263279.0,2522220404951537.5,236782688.00324744,344547011.6497094
12,47,2,0,0.005129275968060786,6416862439263279.0,2140498285200862.2,236782688.00324744,396659858.41793555
12,47,2,1,0.0026438135143599284,6416862439263279.0,2490452028038293.5,236782688.00324744,340093626.7603146
12,47,2,2,0.003920873940520857,6416862439263279.0,2840890582609006.5,236782688.00324744,236782688.00324744
12,47,2,3,0.0035094939408070683,6416862439263279.0,2651112312124222.5,236782688.00324744,46948959.16102339
12,47,2,4,0.005170328374935897,6416862439263279.0,2204307301237580.5,236782688.00324744,413234745.8990898
12,47,2,5,0.006636621878607686,6416862439263279.0,2517948033346653.0,236782688.00324744,415102950.65395033
12,47,3,0,0.003133627078778145,6416862439263279.0,2322945313534810.0,236782688.00324744,390882794.3963946
12,47,3,1,0.005148815410957347,6416862439263279.0,2140498285211651.5,236782688.00324744,396659858.41793555
12,47,3,2,0.0026719331591993196,6416862439263279.0,2490452028074965.5,236782688.00324744,340093626.7603146
12,47,3,3,0.003978060371910766,6416862439263279.0,2840890582548057.0,236782688.00324744,236782688.00324744
12,47,3,4,0.00351389404433555,6416862439263279.0,2651112312433539.0,236782688.00324744,46948959.16102339
12,47,3,5,0.0051957104584449436,6416862439263279.0,2204269696279935.8,236782688.00324744,414641766.43462235
12,47,4,0,0.0004999541494916013,6416862439263279.0,2517046371530196.0,236782688.00324744,393476097.2865186
12,47,4,1,0.003200549671382078,6416862439263279.0,2322945313546417.0,236782688.00324744,390882794.3963946
12,47,4,2,0.005181076932954777,6416862439263279.0,2140498285243170.5,236782688.00324744,396659858.41793555
12,47,4,3,0.002614735541663207,6416862439263279.0,2502405717869266.0,236782688.00324744,340093626.7603146
12,47,4,4,0.0039902911686175695,6416862439263279.0,2840890582879520.0,236782688.00324744,236782688.00324744
12,47,4,5,0.003488552431066132,6416862439263279.0,2651112312282765.0,236782688.00324744,46948959.16102339
12,47,5,0,0.006148239659495926,6416862439263279.0,2389196637298413.0,236782688.00324744,403474490.74175
12,47,5,1,0.0004332252228437042,6416862439263279.0,2517046371542759.0,236782688.00324744,393476097.2865186
12,47,5,2,0.003208868849015399,6416862439263279.0,2322945313580332.5,236782688.00324744,390882794.3963946
12,47,5,3,0.005123788889753495,6416862439263279.0,2502406676640083.0,236782688.00324744,396659858.41793555
12,47,5,4,0.0026025345761637726,6416862439263279.0,2490452028312111.5,236782688.00324744,340093626.7603146
12,47,5,5,0.003964874977047154,6416862439263279.0,2840890582717950.0,236782688.00324744,236782688.00324744
12,48,0,0,0.008388132603645354,6416862439263279.0,2522133312944483.5,46974516.17859979,46974516.17859979
12,48,0,1,0.003820578425909592,6416862439263279.0,2824910795024686.0,46974516.17859979,28875917.065900147
12,48,0,2,0.0037244495364231796,6416862439263279.0,2345601232227648.5,46974516.17859979,26998784.067358922
12,48,0,3,0.0019495502753610013,6416862439263279.0,2856549082965972.5,46974516.17859979,26606763.542704556
12,48,0,4,0.004802161721260473,6416862439263279.0,2793499222132098.5,46974516.17859979,26243097.089124676
12,48,0,5,0.0005762556426264772,6416862439263279.0,2328978891872396.0,46974516.17859979,25962759.004962042
12,48,1,0,0.005762053683681011,6416862439263279.0,2621179133818582.5,46974516.17859979,237156977.90634272
12,48,1,1,0.008388132603645354,6416862439263279.0,2522133312944483.5,46974516.17859979,46974516.17859979
12,48,1,2,0.003820578425909592,6416862439263279.0,2824910795024686.0,46974516.17859979,28875917.065900147
12,48,1,3,0.0037244495364231796,6416862439263279.0,2345601232227648.5,46974516.17859979,26998784.067358922
12,48,1,4,0.0019495502753610013,6416862439263279.0,2856549082965972.5,46974516.17859979,26606763.542704556
12,48,1,5,0.004802161721260473,6416862439263279.0,2793499222132098.5,46974516.17859979,26243097.089124676
12,48,2,0,0.007984782305987067,6416862439263279.0,2812344747349150.0,46974516.17859979,341453889.9283657
12,48,2,1,0.005767333807602906,6416862439263279.0,2621179138273059.0,46974516.17859979,237156977.90634272
12,48,2,2,0.008388132603645354,6416862439263279.0,2522133312944483.5,46974516.17859979,46974516.17859979
12,48,2,3,0.003820576471880893,6416862439263279.0,2825003558644239.5,46974516.17859979,343726774.13812387
12,48,2,4,0.0037244453961432114,6416862439263279.0,2345678311651611.0,46974516.17859979,344547011.6497094
12,48,2,5,0.0019495554743892277,6416862439263279.0,2856642951718097.0,46974516.17859979,344797980.2577148
12,48,3,0,0.00070054712958894,6416862439263279.0,1971649820124833.5,46974516.17859979,410715366.3594127
12,48,3,1,0.007987407453072994,6416862439263279.0,2812344752156204.5,46974516.17859979,341453889.9283657
12,48,3,2,0.005768527056083941,6416862439263279.0,2621179129812863.5,46974516.17859979,237156977.90634272
12,48,3,3,0.008388132603645354,6416862439263279.0,2522133312944483.5,46974516.17859979,46974516.17859979
12,48,3,4,0.003820577953878903,6416862439263279.0,2825003217397068.5,46974516.17859979,415102950.65395033
12,48,3,5,0.003724446877267698,6416862439263279.0,2345678028304682.5,46974516.17859979,416093513.61470556
12,48,4,0,0.002439485399171421,6416862439263279.0,2651112809560339.5,46974516.17859979,398010443.21748316
12,48,4,1,0.0006974334979913581,6416862439263279.0,1971649823494912.8,46974516.17859979,410715366.3594127
12,48,4,2,0.00799098719809863,6416862439263279.0,2812344743085515.5,46974516.17859979,341453889.9283657
12,48,4,3,0.005768228744085138,6416862439263279.0,2621179127887323.0,46974516.17859979,237156977.90634272
12,48,4,4,0.008388132603645354,6416862439263279.0,2522133312944483.5,46974516.17859979,46974516.17859979
12,48,4,5,0.003820581134416932,6416862439263279.0,2824955023675452.5,46974516.17859979,416516332.2287563
12,48,5,0,0.006687139640751846,6416862439263279.0,2313002952851951.5,46974516.17859979,393789101.741804
12,48,5,1,0.002436127524168055,6416862439263279.0,2651112899725018.5,46974516.17859979,398010443.21748316
12,48,5,2,0.0006950246268757101,6416862439263279.0,1971649817135727.8,46974516.17859979,410715366.3594127
12,48,5,3,0.00799158382233366,6416862439263279.0,2812344741020617.0,46974516.17859979,341453889.9283657
12,48,5,4,0.005764365602358025,6416862439263279.0,2621179131864850.0,46974516.17859979,237156977.90634272
12,48,5,5,0.008388132603645354,6416862439263279.0,2522133312944483.5,46974516.17859979,46974516.17859979
12,49,0,0,0.0055258945064115645,6416862439263279.0,2173295421282729.0,28944823.880350497,28944823.880350497
12,49,0,1,0.008239515155175564,6416862439263279.0,2219057050285927.2,28944823.880350497,27018450.032427814
12,49,0,2,0.0006279232282905004,6416862439263279.0,2805241444617066.0,28944823.880350497,26728448.907019105
12,49,0,3,0.006546376641122039,6416862439263279.0,2400179774559869.0,28944823.880350497,26419637.71534183
12,49,0,4,6.875962629506371e-05,6416862439263279.0,2328980247197668.0,28944823.880350497,25997837.870822594
12,49,0,5,0.0013547055599096897,6416862439263279.0,2607142525570424.5,28944823.880350497,25490624.802088585
12,49,1,0,0.003447069835532068,6416862439263279.0,2617689599691204.0,28944823.880350497,47186884.6306701
12,49,1,1,0.0055258945064115645,6416862439263279.0,2173295421282729.0,28944823.880350497,28944823.880350497
12,49,1,2,0.008239515155175564,6416862439263279.0,2219057050285927.2,28944823.880350497,27018450.032427814
12,49,1,3,0.0006279232282905004,6416862439263279.0,2805241444617066.0,28944823.880350497,26728448.907019105
12,49,1,4,0.006573224730686737,6416862439263279.0,2400179773161760.0,28944823.880350497,26419637.71534183
12,49,1,5,4.1680345164201305e-05,6416862439263279.0,2328980245841165.0,28944823.880350497,25997837.870822594
12,49,2,0,0.009995370975209455,6416862439263279.0,2402080799046154.5,28944823.880350497,237286076.0713912
12,49,2,1,0.003447069835532068,6416862439263279.0,2617689599691204.0,28944823.880350497,47186884.6306701
12,49,2,2,0.0055258945064115645,6416862439263279.0,2173295421282729.0,28944823.880350497,28944823.880350497
12,49,2,3,0.008239515155175564,6416862439263279.0,2219057050285927.2,28944823.880350497,27018450.032427814
12,49,2,4,0.0006279232282905004,6416862439263279.0,2805241444594971.5,28944823.880350497,26728448.907019105
12,49,2,5,0.006573224730686737,6416862439263279.0,2400179773596424.0,28944823.880350497,26419637.71534183
12,49,3,0,0.0005909579763918328,6416862439263279.0,2793499279018109.0,28944823.880350497,28730319.039131366
12,49,3,1,0.009995365306692714,6416862439263279.0,2402042696274834.0,28944823.880350497,26813289.042697944
12,49,3,2,0.003447069598519941,6416862439263279.0,2617688521347723.0,28944823.880350497,26524102.56692688
12,49,3,3,0.005525895666990224,6416862439263279.0,2400179415112754.5,28944823.880350497,26104606.716803983
12,49,3,4,0.008239523431077322,6416862439263279.0,2328979061896282.0,28944823.880350497,25671861.702237237
12,49,3,5,0.0006279277718403865,6416862439263279.0,2805241511464625.5,28944823.880350497,25236134.058306087
12,49,4,0,0.004774800204639071,6416862439263279.0,2727119874365142.0,28944823.880350497,28684975.77674908
12,49,4,1,0.0005909557894201229,6416862439263279.0,2793499213237001.5,28944823.880350497,26798700.966123857
12,49,4,2,0.009995370883249555,6416862439263279.0,2402042697170117.0,28944823.880350497,26404728.63731725
12,49,4,3,0.003447070454085827,6416862439263279.0,2617688523186768.0,28944823.880350497,26042461.394522574
12,49,4,4,0.005525897510419548,6416862439263279.0,2328978919800318.5,28944823.880350497,25653175.88003223
12,49,4,5,0.008239517817917192,6416862439263279.0,2310825778364404.5,28944823.880350497,25121242.681356926
12,49,5,0,0.0019423830216041774,6416862439263279.0,2502478337985960.0,28944823.880350497,28570702.29264419
12,49,5,1,0.004774798018079119,6416862439263279.0,2727119810147173.0,28944823.880350497,26756406.253879663
12,49,5,2,0.0005909502134133195,6416862439263279.0,2793499214278191.5,28944823.880350497,26390362.842569027
12,49,5,3,0.00999537173844463,6416862439263279.0,2402042698856788.0,28944823.880350497,25925255.12965967
12,49,5,4,0.003444685801139107,6416862439263279.0,2617688554777791.5,28944823.880350497,25592105.245272417
12,49,5,5,0.005525899355181457,6416862439263279.0,2310825637376010.5,28944823.880350497,25102957.638868865
12,50,0,0,0.003053292039863262,6416862439263279.0,2636165344739120.0,27142018.23323168,27142018.23323168
12,50,0,1,0.001096037358431085,6416862439263279.0,2781752357394481.5,27142018.23323168,26908254.553643253
12,50,0,2,0.008073727175112781,6416862439263279.0,2400187337174475.5,27142018.23323168,26455333.879759066
12,50,0,3,0.006227527588350946,6416862439263279.0,2328997726324575.5,27142018.23323168,26049340.10445999
12,50,0,4,0.0036893483207511265,6416862439263279.0,2858887770644107.0,27142018.23323168,25508046.102610093
12,50,0,5,0.009625147613800655,6416862439263279.0,2577974794440507.5,27142018.23323168,24134112.62028612
12,50,1,0,0.006858984195876378,6416862439263279.0,2607149719272433.5,27142018.23323168,28965907.343566015
12,50,1,1,0.003053292039863262,6416862439263279.0,2636165344739120.0,27142018.23323168,27142018.23323168
12,50,1,2,0.001096037358431085,6416862439263279.0,2781752357394481.5,27142018.23323168,26908254.553643253
12,50,1,3,0.008073727175112781,6416862439263279.0,2400187337174475.5,27142018.23323168,26455333.879759066
12,50,1,4,0.006228142857454635,6416862439263279.0,2328997725417997.0,27142018.23323168,26049340.10445999
12,50,1,5,0.0036899449450273833,6416862439263279.0,2858887770644082.0,27142018.23323168,25508046.102610093
12,50,2,0,0.005348548500303205,6416862439263279.0,2597464723063330.5,27142018.23323168,47299487.02241066
12,50,2,1,0.006858984195876378,6416862439263279.0,2607149719272433.5,27142018.23323168,28965907.343566015
12,50,2,2,0.003053292039863262,6416862439263279.0,2636165344739120.0,27142018.23323168,27142018.23323168
12,50,2,3,0.001096037358431085,6416862439263279.0,2781752357394481.5,27142018.23323168,26908254.553643253
12,50,2,4,0.008066202253000919,6416862439263279.0,2400187337156751.0,27142018.23323168,26455333.879759066
12,50,2,5,0.006228612699360208,6416862439263279.0,2328997725418012.5,27142018.23323168,26049340.10445999
12,50,3,0,0.0013636728452192574,6416862439263279.0,2517869482343319.5,27142018.23323168,238358829.46680918
12,50,3,1,0.005348548500303205,6416862439263279.0,2597464723063330.5,27142018.23323168,47299487.02241066
12,50,3,2,0.006858984195876378,6416862439263279.0,2607149719272433.5,27142018.23323168,28965907.343566015
12,50,3,3,0.003053292039863262,6416862439263279.0,2636165344739120.0,27142018.23323168,27142018.23323168
12,50,3,4,0.0010940088359291105,6416862439263279.0,2781752357394369.0,27142018.23323168,26908254.553643253
12,50,3,5,0.008071862725336994,6416862439263279.0,2400187337156735.5,27142018.23323168,26455333.879759066
12,50,4,0,8.063326684384566e-05,6416862439263279.0,2274654448116431.5,27142018.23323168,26813289.042697944
12,50,4,1,0.0013636727535069515,6416862439263279.0,2517829543823683.0,27142018.23323168,26524102.56692688
12,50,4,2,0.0053485491183129525,6416862439263279.0,2597463654875240.0,27142018.23323168,26104606.716803983
12,50,4,3,0.006858994657998514,6416862439263279.0,2607149692146543.5,27142018.23323168,25671861.702237237
12,50,4,4,0.0030621545719027184,6416862439263279.0,2636165407548112.5,27142018.23323168,25236134.058306087
12,50,4,5,0.001090301607430844,6416862439263279.0,2781752374311129.0,27142018.23323168,24036023.38218473
12,50,5,0,0.0065191343139900226,6416862439263279.0,2301121789572283.0,27142018.23323168,26798700.966123857
12,50,5,1,1.8948891288390225e-05,6416862439263279.0,2274644263770455.0,27142018.23323168,26404728.63731725
12,50,5,2,0.0013636736087912942,6416862439263279.0,2517829545591625.0,27142018.23323168,26042461.394522574
12,50,5,3,0.005348550963320424,6416862439263279.0,2597463686223136.5,27142018.23323168,25653175.88003223
12,50,5,4,0.0068711303480877796,6416862439263279.0,2607149719983754.0,27142018.23323168,25121242.681356926
12,50,5,5,0.003064455190042921,6416862439263279.0,2636165360730077.0,27142018.23323168,23875410.46961943
12,51,0,0,0.011887699222146084,6416862439263279.0,2526850621399178.0,209564244.45987386,209564244.45987386
12,51,0,1,0.0032744681283989473,6416862439263279.0,2630122083512988.0,209564244.45987386,211012562.6834155
12,51,0,2,0.0011791145814247464,6416862439263279.0,3214871117306200.5,209564244.45987386,212337624.45534167
12,51,0,3,0.007088767675028226,6416862439263279.0,2397569615775402.5,209564244.45987386,212706012.80982417
12,51,0,4,0.004968335266357428,6416862439263279.0,2708312453614391.5,209564244.45987386,212916772.35431117
12,51,0,5,0.003590985146431595,6416862439263279.0,2191047015090191.0,209564244.45987386,212916821.1295976
12,51,1,0,0.009383243777672764,6416862439263279.0,2781177690995467.5,209564244.45987386,117559581.54869777
12,51,1,1,0.011887699222146084,6416862439263279.0,2526850621399178.0,209564244.45987386,209564244.45987386
12,51,1,2,0.007508649310486457,6416862439263279.0,2630122083512988.5,209564244.45987386,211012562.6834155
12,51,1,3,0.009729597984846943,6416862439263279.0,2599278122937798.0,209564244.45987386,212338072.38617724
12,51,1,4,0.008273244634738965,6416862439263279.0,2395391440669411.5,209564244.45987386,212706461.5177829
12,51,1,5,0.007617375302811833,6416862439263279.0,2705851675069258.0,209564244.45987386,212917221.506872
12,51,2,0,0.00945520938659269,6416862439263279.0,2580498583212457.5,209564244.45987386,29098382.185424346
12,51,2,1,0.001782071289461943,6416862439263279.0,2781177690995467.0,209564244.45987386,117559581.54869777
12,51,2,2,0.00978057870743058,6416862439263279.0,2526852310385461.5,209564244.45987386,209564244.45987386
12,51,2,3,0.00701671788414321,6416862439263279.0,2444999273482715.0,209564244.45987386,211012562.6834155
12,51,2,4,0.004757191955528028,6416862439263279.0,2599283499536899.5,209564244.45987386,212338751.58575246
12,51,2,5,0.0035807366119312983,6416862439263279.0,2395403771213843.0,209564244.45987386,212707141.8957138
12,51,3,0,0.009456537417439069,6416862439263279.0,2524078309286732.5,209564244.45987386,209565540.62036145
12,51,3,1,0.00405945930441337,6416862439263279.0,2631219228335860.5,209564244.45987386,29098382.185424346
12,51,3,2,0.001782071289461943,6416862439263279.0,2781177690995468.5,209564244.45987386,117559581.54869777
12,51,3,3,0.007010034836851308,6416862439263279.0,2612318762537442.5,209564244.45987386,209564244.45987386
12,51,3,4,0.004709210338305283,6416862439263279.0,2612247745554012.0,209564244.45987386,211014007.0474923
12,51,3,5,0.0035318302256842618,6416862439263279.0,2612247267019336.5,209564244.45987386,212338937.76925892
12,51,4,0,0.007697431242492356,6416862439263279.0,2198758621938869.8,209564244.45987386,238927626.74499625
12,51,4,1,0.00987210109944163,6416862439263279.0,2630069699356424.5,209564244.45987386,211014007.0474923
12,51,4,2,0.0045878073365458035,6416862439263279.0,3215430390249879.0,209564244.45987386,29098382.185424346
12,51,4,3,0.001728971733913618,6416862439263279.0,2781194068935981.0,209564244.45987386,117559581.54869777
12,51,4,4,0.009392653642655157,6416862439263279.0,2524569158490760.0,209564244.45987386,209564244.45987386
12,51,4,5,0.005632461269117687,6416862439263279.0,2445008899403207.5,209564244.45987386,211602275.44045496
12,51,5,0,0.009151235344921729,6416862439263279.0,2517818330519962.5,209564244.45987386,210197794.00346062
12,51,5,1,0.004045402507329924,6416862439263279.0,2630069792145544.5,209564244.45987386,211602275.44045496
12,51,5,2,0.010812748757720111,6416862439263279.0,3214805743514888.0,209564244.45987386,212338937.76925892
12,51,5,3,0.0036885503362849535,6416862439263279.0,2310850799337575.5,209564244.45987386,25236134.058306087
12,51,5,4,0.0018877793655978105,6416862439263279.0,2781180090606882.0,209564244.45987386,117559581.54869777
12,51,5,5,0.009325925417520245,6416862439263279.0,2524556433830258.0,209564244.45987386,209564244.45987386
12,52,0,0,0.012627380524960074,6416862439263279.0,3007189767692904.0,212916558.25361967,212916558.25361967
12,52,0,1,0.0003938377886931351,6416862439263279.0,2963022999568162.0,212916558.25361967,227579489.90645593
12,52,0,2,0.0034535475152527697,6416862439263279.0,2977922484207507.0,212916558.25361967,212916567.6165113
12,52,0,3,0.0029848612956120436,6416862439263279.0,2273554442846945.5,212916558.25361967,212916574.5469727
12,52,0,4,0.00767468770639537,6416862439263279.0,2086570612622769.8,212916558.25361967,212917360.5721835
12,52,0,5,0.004817052522807088,6416862439263279.0,2109134713232565.0,212916558.25361967,212919066.46134233
12,52,1,0,0.009978686820273372,6416862439263279.0,3623827013456217.0,212916558.25361967,212916509.8919683
12,52,1,1,0.012627380524960074,6416862439263279.0,3007189767692904.0,212916558.25361967,212916558.25361967
12,52,1,2,0.0003938377886931351,6416862439263279.0,2963022999568162.0,212916558.25361967,227579489.90645593
12,52,1,3,0.0034535475152527697,6416862439263279.0,2977922484207507.0,212916558.25361967,212916567.6165113
12,52,1,4,0.0029848612956120436,6416862439263279.0,2273554442846945.5,212916558.25361967,212916574.5469727
12,52,1,5,0.00767468770639537,6416862439263279.0,2086570612622769.8,212916558.25361967,212917360.5721835
12,52,2,0,0.006871268391773042,6416862439263279.0,3075202548843781.0,212916558.25361967,212705783.45657775
12,52,2,1,0.009978686820273372,6416862439263279.0,3623827013456217.0,212916558.25361967,212916509.8919683
12,52,2,2,0.012627380524960074,6416862439263279.0,3007189767692904.0,212916558.25361967,212916558.25361967
12,52,2,3,0.0003938377886931351,6416862439263279.0,2963022999568162.0,212916558.25361967,227579489.90645593
12,52,2,4,0.0034535475152527697,6416862439263279.0,2977922484207507.0,212916558.25361967,212916567.6165113
12,52,2,5,0.0029848612956120436,6416862439263279.0,2273554442846945.5,212916558.25361967,212916574.5469727
12,52,3,0,0.0009292289909530378,6416862439263279.0,2630038633343637.5,212916558.25361967,212337362.2944641
12,52,3,1,0.0068713355117979245,6416862439263279.0,3113964646606812.5,212916558.25361967,212705750.15549466
12,52,3,2,0.009978709193502721,6416862439263279.0,3623827013456583.0,212916558.25361967,212916509.43231294
12,52,3,3,0.012627484934334144,6416862439263279.0,3007189767692914.0,212916558.25361967,212916558.18657413
12,52,3,4,0.0003938154148565817,6416862439263279.0,2948084695266762.0,212916558.25361967,227579489.90645593
12,52,3,5,0.003453547515252772,6416862439263279.0,2977922484209383.0,212916558.25361967,212916343.28385094
12,52,4,0,0.005167055414259882,6416862439263279.0,2729535521035316.5,212916558.25361967,211012441.40318316
12,52,4,1,0.0009293035686416984,6416862439263279.0,3017389221446069.5,212916558.25361967,212337362.25590652
12,52,4,2,0.006871186355148665,6416862439263279.0,3075202548844125.5,212916558.25361967,212705750.1480843
12,52,4,3,0.009978709193502721,6416862439263279.0,3623827013456504.5,212916558.25361967,212916509.41134802
12,52,4,4,0.012627484934338315,6416862439263279.0,3007189767694718.0,212916558.25361967,212916550.80346516
12,52,4,5,0.0003938154148565817,6416862439263279.0,2948084695266919.5,212916558.25361967,227579489.90645593
12,52,5,0,0.013855875295546558,6416862439263279.0,3390190871331222.5,212916558.25361967,239101662.02030864
12,52,5,1,0.005168479854546815,6416862439263279.0,2729535521035195.0,212916558.25361967,211012441.36486617
12,52,5,2,0.0009291693282881574,6416862439263279.0,2670054081361903.0,212916558.25361967,212337362.248509
12,52,5,3,0.006871193813117031,6416862439263279.0,3075202548844079.5,212916558.25361967,212705750.1271401
12,52,5,4,0.009978709193509955,6416862439263279.0,3623827013458683.5,212916558.25361967,212916502.02824083
12,52,5,5,0.012627514766115903,6416862439263279.0,3007189767694879.5,212916558.25361967,212916333.87488857
12,53,0,0,0.005984177622183148,6416862439263279.0,2340608113240792.0,212919283.39270294,212919283.39270294
12,53,0,1,0.00029391816872776527,6416862439263279.0,2322104135864633.0,212919283.39270294,212920998.1221971
12,53,0,2,0.0031980020627613427,6416862439263279.0,2109467692706866.0,212919283.39270294,212918258.91928118
12,53,0,3,0.00513320606574756,6416862439263279.0,2781450365371385.0,212919283.39270294,212923454.91971892
12,53,0,4,0.0025937592291138904,6416862439263279.0,2824958219912179.5,212919283.39270294,212935809.5429178
12,53,0,5,0.003922893735114651,6416862439263279.0,2176194441710830.5,212919283.39270294,212941924.960159
12,53,1,0,0.005467542089946066,6416862439263279.0,2456700810243297.0,212919283.39270294,212917367.95532066
12,53,1,1,0.005984177622183148,6416862439263279.0,2340608113240792.0,212919283.39270294,212919283.39270294
12,53,1,2,0.00029391816872776527,6416862439263279.0,2322104135864633.0,212919283.39270294,212920998.1221971
12,53,1,3,0.0031980020627613427,6416862439263279.0,2109467692706866.0,212919283.39270294,212918258.91928118
12,53,1,4,0.00513320606574756,6416862439263279.0,2781450365371385.0,212919283.39270294,212923454.91971892
12,53,1,5,0.0025937592291138904,6416862439263279.0,2824958219912179.5,212919283.39270294,212935809.5429178
12,53,2,0,0.005167371175851741,6416862439263279.0,1933580504802554.8,212919283.39270294,212916574.5679379
12,53,2,1,0.005467542089946066,6416862439263279.0,2456700810243297.0,212919283.39270294,212917367.95532066
12,53,2,2,0.005984177622183148,6416862439263279.0,2340608113240792.0,212919283.39270294,212919283.39270294
12,53,2,3,0.00029391816872776527,6416862439263279.0,2322104135864633.0,212919283.39270294,212920998.1221971
12,53,2,4,0.0031980020627613427,6416862439263279.0,2109467692706866.0,212919283.39270294,212918258.91928118
12,53,2,5,0.00513320606574756,6416862439263279.0,2781450365371385.0,212919283.39270294,212923454.91971892
12,53,3,0,0.007998578660519742,6416862439263279.0,2518900190738189.0,212919283.39270294,212916567.62392917
12,53,3,1,0.005167371175851741,6416862439263279.0,1933580504802554.8,212919283.39270294,212916574.5679379
12,53,3,2,0.005467542089946066,6416862439263279.0,2456700810243297.0,212919283.39270294,212917367.95532066
12,53,3,3,0.005984177622183148,6416862439263279.0,2340608113240792.0,212919283.39270294,212919283.39270294
12,53,3,4,0.00029391816872776527,6416862439263279.0,2322104135864633.0,212919283.39270294,212920998.1221971
12,53,3,5,0.0031980020627613427,6416862439263279.0,2109467692706866.0,212919283.39270294,212918258.91928118
12,53,4,0,0.0030706549996170934,6416862439263279.0,2034402246777240.8,212919283.39270294,212916559.81919244
12,53,4,1,0.007998578660519742,6416862439263279.0,2518900190738189.0,212919283.39270294,212916567.62392917
12,53,4,2,0.005167371175851741,6416862439263279.0,1933580504802554.8,212919283.39270294,212916574.5679379
12,53,4,3,0.005467542089946066,6416862439263279.0,2456700810243297.0,212919283.39270294,212917367.95532066
12,53,4,4,0.005984177622183148,6416862439263279.0,2340608113240792.0,212919283.39270294,212919283.39270294
12,53,4,5,0.00029391816872776527,6416862439263279.0,2322104135864633.0,212919283.39270294,212920998.1221971
12,53,5,0,0.0036185992975940806,6416862439263279.0,2623665190585231.0,212919283.39270294,227978984.58444974
12,53,5,1,0.0030706549996170934,6416862439263279.0,2034402246777240.8,212919283.39270294,212916559.81919244
12,53,5,2,0.007998578660519742,6416862439263279.0,2518900190738189.0,212919283.39270294,212916567.62392917
12,53,5,3,0.005167371175851741,6416862439263279.0,1933580504802554.8,212919283.39270294,212916574.5679379
12,53,5,4,0.005467542089946066,6416862439263279.0,2456700810243297.0,212919283.39270294,212917367.95532066
12,53,5,5,0.005984177622183148,6416862439263279.0,2340608113240792.0,212919283.39270294,212919283.39270294
12,54,0,0,0.0052000679553724045,6416862439263279.0,2727169785142552.5,212943496.6593923,212943496.6593923
12,54,0,1,0.006641062801910831,6416862439263279.0,2083093569709157.8,212943496.6593923,212953438.73351118
12,54,0,2,0.002456228614024383,6416862439263279.0,2421012086939377.5,212943496.6593923,212953358.08659562
12,54,0,3,0.0006368972100823534,6416862439263279.0,2856564079656121.0,212943496.6593923,212952930.76418158
12,54,0,4,0.007998729719885153,6416862439263279.0,2812252377597077.0,212943496.6593923,212953128.45064095
12,54,0,5,0.005778699759593508,6416862439263279.0,2295437150298131.5,212943496.6593923,185594789.65589356
12,54,1,0,0.003454971212078999,6416862439263279.0,2329026569277305.0,212943496.6593923,212936055.9223409
12,54,1,1,0.0052000679553724045,6416862439263279.0,2727169785142552.5,212943496.6593923,212943496.6593923
12,54,1,2,0.006641062801910831,6416862439263279.0,2083093569709157.8,212943496.6593923,212953438.73351118
12,54,1,3,0.002456228614024383,6416862439263279.0,2421012086939377.5,212943496.6593923,212953358.08659562
12,54,1,4,0.0006368972100823534,6416862439263279.0,2856564079656121.0,212943496.6593923,212952930.76418158
12,54,1,5,0.008019564204221927,6416862439263279.0,2812252377488489.5,212943496.6593923,212953128.45064095
12,54,2,0,0.003988232051346261,6416862439263279.0,2400222363603572.5,212943496.6593923,212924020.26761854
12,54,2,1,0.003454971212078999,6416862439263279.0,2329026569277305.0,212943496.6593923,212936055.9223409
12,54,2,2,0.0052000679553724045,6416862439263279.0,2727169785142552.5,212943496.6593923,212943496.6593923
12,54,2,3,0.006641062801910831,6416862439263279.0,2083093569709157.8,212943496.6593923,212953438.73351118
12,54,2,4,0.002456228614024383,6416862439263279.0,2421012086939377.5,212943496.6593923,212953358.08659562
12,54,2,5,0.0006368972100823534,6416862439263279.0,2856564079656121.0,212943496.6593923,212952930.76418158
12,54,3,0,0.002606310483784039,6416862439263279.0,2781448717521732.0,212943496.6593923,212922179.48580128
12,54,3,1,0.003988232051346261,6416862439263279.0,2400222363603572.5,212943496.6593923,212924020.26761854
12,54,3,2,0.003454971212078999,6416862439263279.0,2329026569277305.0,212943496.6593923,212936055.9223409
12,54,3,3,0.0052000679553724045,6416862439263279.0,2727169785142552.5,212943496.6593923,212943496.6593923
12,54,3,4,0.006641062801910831,6416862439263279.0,2083093569709157.8,212943496.6593923,212953438.73351118
12,54,3,5,0.002456228614024383,6416862439263279.0,2421012086939377.5,212943496.6593923,212953358.08659562
12,54,4,0,0.0051216614133832265,6416862439263279.0,2188961648787127.8,212943496.6593923,212921215.05552593
12,54,4,1,0.002606310483784039,6416862439263279.0,2781448717521732.0,212943496.6593923,212922179.48580128
12,54,4,2,0.003988232051346261,6416862439263279.0,2400222363603572.5,212943496.6593923,212924020.26761854
12,54,4,3,0.003454971212078999,6416862439263279.0,2329026569277305.0,212943496.6593923,212936055.9223409
12,54,4,4,0.0052000679553724045,6416862439263279.0,2727169785142552.5,212943496.6593923,212943496.6593923
12,54,4,5,0.006641062801910831,6416862439263279.0,2083093569709157.8,212943496.6593923,212953438.73351118
12,54,5,0,0.0030907317521987766,6416862439263279.0,2837075136599416.0,212943496.6593923,212919290.77590644
12,54,5,1,0.0051216614133832265,6416862439263279.0,2188961648787127.8,212943496.6593923,212921215.05552593
12,54,5,2,0.002606310483784039,6416862439263279.0,2781448717521732.0,212943496.6593923,212922179.48580128
12,54,5,3,0.003988232051346261,6416862439263279.0,2400222363603572.5,212943496.6593923,212924020.26761854
12,54,5,4,0.003454971212078999,6416862439263279.0,2329026569277305.0,212943496.6593923,212936055.9223409
12,54,5,5,0.0052000679553724045,6416862439263279.0,2727169785142552.5,212943496.6593923,212943496.6593923
12,55,0,0,0.003815367559000046,6416862439263279.0,2421000026482557.5,212954195.4196427,212954195.4196427
12,55,0,1,0.0037600240993902723,6416862439263279.0,2139102805341708.8,212954195.4196427,185598968.5703535
12,55,0,2,0.0019233404688365906,6416862439263279.0,2502280187708194.0,212954195.4196427,89974567.95757984
12,55,0,3,0.004812001741739136,6416862439263279.0,2547349229047291.5,212954195.4196427,212991232.57037356
12,55,0,4,0.0005849970004026806,6416862439263279.0,1996391767669705.0,212954195.4196427,213037384.57421917
12,55,0,5,0.009993923976164793,6416862439263279.0,2621116396830521.0,212954195.4196427,213038274.00316295
12,55,1,0,0.008372933429010342,6416862439263279.0,2310832979122097.5,212954195.4196427,212953265.08729416
12,55,1,1,0.003815367559000046,6416862439263279.0,2421000026482557.5,212954195.4196427,212954195.4196427
12,55,1,2,0.00376053403376163,6416862439263279.0,2074861962318986.2,212954195.4196427,185598968.5703535
12,55,1,3,0.0019242146426220385,6416862439263279.0,2502280187708166.5,212954195.4196427,89974567.95757984
12,55,1,4,0.004811710350055031,6416862439263279.0,2547349199663523.5,212954195.4196427,212991369.23147562
12,55,1,5,0.0005849970004005955,6416862439263279.0,1996391744636247.0,212954195.4196427,213037521.26493347
12,55,2,0,0.005799897181558992,6416862439263279.0,2648283838102427.5,212954195.4196427,212953388.2982334
12,55,2,1,0.008372933429010342,6416862439263279.0,2310832979122098.0,212954195.4196427,212953265.08729416
12,55,2,2,0.003815367559000046,6416862439263279.0,2421000026482582.5,212954195.4196427,212954195.4196427
12,55,2,3,0.0037600240993902723,6416862439263279.0,2074861962319077.5,212954195.4196427,185598968.5703535
12,55,2,4,0.0019242146426220385,6416862439263279.0,2502280187708167.5,212954195.4196427,89974567.95757984
12,55,2,5,0.004811418958889523,6416862439263279.0,2547349189653913.5,212954195.4196427,212991826.84811327
12,55,3,0,0.00800156547671074,6416862439263279.0,2812252323687759.0,212954195.4196427,212953610.66331154
12,55,3,1,0.005806668867133411,6416862439263279.0,2328997966525807.0,212954195.4196427,212953388.2982334
12,55,3,2,0.008344012832766659,6416862439263279.0,2502288255730275.0,212954195.4196427,212953265.08729416
12,55,3,3,0.003777923763740258,6416862439263279.0,2421000026748852.5,212954195.4196427,212954195.4196427
12,55,3,4,0.0037155869107817906,6416862439263279.0,2074861962398571.0,212954195.4196427,185598968.5703535
12,55,3,5,0.00193594314623794,6416862439263279.0,2621116051638050.0,212954195.4196427,89974567.95757984
12,55,4,0,0.0006572388926670521,6416862439263279.0,2033407966068900.0,212954195.4196427,212955010.51772586
12,55,4,1,0.008027667786396268,6416862439263279.0,2812252323729180.0,212954195.4196427,212953610.66331154
12,55,4,2,0.005736371618432796,6416862439263279.0,2502300741979551.5,212954195.4196427,212953388.2982334
12,55,4,3,0.008339641961602076,6416862439263279.0,2310832979387921.5,212954195.4196427,212953265.08729416
12,55,4,4,0.003803347663681219,6416862439263279.0,2421000026611055.5,212954195.4196427,212954195.4196427
12,55,4,5,0.003714567041625804,6416862439263279.0,2621116081862623.0,212954195.4196427,185598968.5703535
12,55,5,0,0.0024094141946156312,6416862439263279.0,2061867902973906.0,212954195.4196427,212943743.04770955
12,55,5,1,0.0006311514986879309,6416862439263279.0,2139114046839376.5,212954195.4196427,212955010.51772586
12,55,5,2,0.007960734006548696,6416862439263279.0,2812252323668877.5,212954195.4196427,212953610.66331154
12,55,5,3,0.005738922187163657,6416862439263279.0,2328997966747682.0,212954195.4196427,212953388.2982334
12,55,5,4,0.00838058245305185,6416862439263279.0,2310832979256395.5,212954195.4196427,212953265.08729416
12,55,5,5,0.0037989039443796276,6416862439263279.0,2621116807648473.0,212954195.4196427,212954195.4196427
12,56,0,0,0.005554048094411563,6416862439263279.0,2547349148904894.0,90267043.32412061,90267043.32412061
12,56,0,1,0.00823181855802683,6416862439263279.0,2577933542125008.5,90267043.32412061,93335167.2252752
12,56,0,2,0.0006609115125218849,6416862439263279.0,2840794319744621.5,90267043.32412061,92876365.17931856
12,56,0,3,0.006582609929299756,6416862439263279.0,2557026723112413.0,90267043.32412061,92558188.93474704
12,56,0,4,4.9751346099852884e-05,6416862439263279.0,2793499476278023.5,90267043.32412061,86764528.5117454
12,56,0,5,0.001369078606361438,6416862439263279.0,1966931295228866.2,90267043.32412061,48092793.26053822
12,56,1,0,0.0034353931744287207,6416862439263279.0,2621116094085397.5,90267043.32412061,83076192.49948743
12,56,1,1,0.005554048094411563,6416862439263279.0,2547349148904894.0,90267043.32412061,90267043.32412061
12,56,1,2,0.00823181855802683,6416862439263279.0,2577933542125008.5,90267043.32412061,93335167.2252752
12,56,1,3,0.000660911512517559,6416862439263279.0,2840794319767290.0,90267043.32412061,92876365.17931856
12,56,1,4,0.006582609929307676,6416862439263279.0,2557026723130865.5,90267043.32412061,92558188.93474704
12,56,1,5,4.9755899799288126e-05,6416862439263279.0,2793499476298179.5,90267043.32412061,86764528.5117454
12,56,2,0,0.009993433845626305,6416862439263279.0,2420999410438219.5,90267043.32412061,79976144.3742985
12,56,2,1,0.0034353931744287207,6416862439263279.0,2621116094085397.5,90267043.32412061,83076192.49948743
12,56,2,2,0.005554048094411563,6416862439263279.0,2547349148904894.0,90267043.32412061,90267043.32412061
12,56,2,3,0.008231818558022313,6416862439263279.0,2577933542126045.0,90267043.32412061,93335167.2252752
12,56,2,4,0.0006609115125147659,6416862439263279.0,2840794319746791.0,90267043.32412061,92876365.17931856
12,56,2,5,0.006582609929299756,6416862439263279.0,2557026723112413.5,90267043.32412061,92558188.93474704
12,56,3,0,0.0006042796050198979,6416862439263279.0,2545449699752462.5,90267043.32412061,81128317.71048246
12,56,3,1,0.009993433845626357,6416862439263279.0,2420999410437248.0,90267043.32412061,79976144.3742985
12,56,3,2,0.0034353931744287207,6416862439263279.0,2621116094085397.5,90267043.32412061,83076192.49948743
12,56,3,3,0.005554048094411563,6416862439263279.0,2547349148904894.0,90267043.32412061,90267043.32412061
12,56,3,4,0.008231818558022313,6416862439263279.0,2219057038180692.0,90267043.32412061,93335167.2252752
12,56,3,5,0.0006609115125147659,6416862439263279.0,2840794319746791.5,90267043.32412061,92876365.17931856
12,56,4,0,0.004801505435192018,6416862439263279.0,2614189207487893.0,90267043.32412061,82190519.9718396
12,56,4,1,0.0006052266273789685,6416862439263279.0,2328978888586863.5,90267043.32412061,81128317.71048246
12,56,4,2,0.009993433845623389,6416862439263279.0,2420999410436230.5,90267043.32412061,79976144.3742985
12,56,4,3,0.003435393174428687,6416862439263279.0,2621116094066486.5,90267043.32412061,83076192.49948743
12,56,4,4,0.005554048094411563,6416862439263279.0,2614189174443482.0,90267043.32412061,90267043.32412061
12,56,4,5,0.008231818558022313,6416862439263279.0,2614189187086423.0,90267043.32412061,93335167.2252752
12,56,5,0,0.0019803752380147407,6416862439263279.0,2545463246367015.5,90267043.32412061,82666280.38891965
12,56,5,1,0.0048022363003791075,6416862439263279.0,2614189206854853.0,90267043.32412061,82190519.9718396
12,56,5,2,0.0006047895400094596,6416862439263279.0,2328978888526937.5,90267043.32412061,81128317.71048246
12,56,5,3,0.009993433845626305,6416862439263279.0,2420999410438219.5,90267043.32412061,79976144.3742985
12,56,5,4,0.003435247478455072,6416862439263279.0,2621116094066486.0,90267043.32412061,83076192.49948743
12,56,5,5,0.005554048094411563,6416862439263279.0,2547349148904893.5,90267043.32412061,90267043.32412061
12,57,0,0,0.006799629833273588,6416862439263279.0,2524057151511720.5,93335298.6880187,93335298.6880187
12,57,0,1,0.0031052915153930356,6416862439263279.0,2557026464306430.0,93335298.6880187,92876611.62916656
12,57,0,2,0.001157180435756458,6416862439263279.0,2781746669942180.5,93335298.6880187,92558211.42306732
12,57,0,3,0.008021286728227993,6416862439263279.0,2524531964755463.5,93335298.6880187,86764544.888965
12,57,0,4,0.006124909783079205,6416862439263279.0,2165548462128316.8,93335298.6880187,48092860.300451435
12,57,0,5,0.003631305827275667,6416862439263279.0,2599254583535944.0,93335298.6880187,93335729.535465
12,57,1,0,0.005325378693934617,6416862439263279.0,2180311277755194.0,93335298.6880187,93638566.7017517
12,57,1,1,0.006799629833273588,6416862439263279.0,2524057151511720.5,93335298.6880187,93335298.6880187
12,57,1,2,0.0031052915153930356,6416862439263279.0,2557026464306430.0,93335298.6880187,92876611.62916656
12,57,1,3,0.001157180435756458,6416862439263279.0,2781746669942180.5,93335298.6880187,92558211.42306732
12,57,1,4,0.008021286728227993,6416862439263279.0,2524531964755463.5,93335298.6880187,86764544.888965
12,57,1,5,0.006123677062027988,6416862439263279.0,2165548462520478.8,93335298.6880187,48092860.300451435
12,57,2,0,0.0013512890417796976,6416862439263279.0,2793499185969485.0,93335298.6880187,96171824.24679649
12,57,2,1,0.005325378693934617,6416862439263279.0,2180311277755194.0,93335298.6880187,93638566.7017517
12,57,2,2,0.006799629833273588,6416862439263279.0,2524057151511720.5,93335298.6880187,93335298.6880187
12,57,2,3,0.0031052915153930356,6416862439263279.0,2557026464306430.0,93335298.6880187,92876611.62916656
12,57,2,4,0.001157180435756458,6416862439263279.0,2781746669942180.5,93335298.6880187,92558211.42306732
12,57,2,5,0.008021286728227993,6416862439263279.0,2524531964755463.5,93335298.6880187,86764544.888965
12,57,3,0,2.766205729285449e-05,6416862439263279.0,2840794343154016.0,93335298.6880187,87810919.68719967
12,57,3,1,0.0013512890417796976,6416862439263279.0,2793499185969485.0,93335298.6880187,96171824.24679649
12,57,3,2,0.005325378693934617,6416862439263279.0,2180311277755194.0,93335298.6880187,93638566.7017517
12,57,3,3,0.006799629833273588,6416862439263279.0,2524057151511720.5,93335298.6880187,93335298.6880187
12,57,3,4,0.0031052915153930356,6416862439263279.0,2557026464306430.0,93335298.6880187,92876611.62916656
12,57,3,5,0.001157180435756458,6416862439263279.0,2781746669942180.5,93335298.6880187,92558211.42306732
12,57,4,0,0.0065772071162593935,6416862439263279.0,2420999392549955.5,93335298.6880187,81729096.05109046
12,57,4,1,2.7662057292853615e-05,6416862439263279.0,2840794343156068.5,93335298.6880187,87810919.68719967
12,57,4,2,0.0013512890417796976,6416862439263279.0,2793499185969485.0,93335298.6880187,96171824.24679649
12,57,4,3,0.005325378693934617,6416862439263279.0,2180311277755194.0,93335298.6880187,93638566.7017517
12,57,4,4,0.006799629833273588,6416862439263279.0,2524057151511720.5,93335298.6880187,93335298.6880187
12,57,4,5,0.0031052915153930356,6416862439263279.0,2557026464306430.0,93335298.6880187,92876611.62916656
12,57,5,0,0.0006835618478233315,6416862439263279.0,2805241393410101.0,93335298.6880187,82555968.43492997
12,57,5,1,0.006577207116259281,6416862439263279.0,2420999392553457.5,93335298.6880187,81729096.05109046
12,57,5,2,2.7662057288544257e-05,6416862439263279.0,2840794343177202.0,93335298.6880187,87810919.68719967
12,57,5,3,0.0013512890417796976,6416862439263279.0,2793499185969485.0,93335298.6880187,96171824.24679649
12,57,5,4,0.005325378693895687,6416862439263279.0,2165538818250102.2,93335298.6880187,93638566.7017517
12,57,5,5,0.006799629833273588,6416862439263279.0,2524057151511720.5,93335298.6880187,93335298.6880187
12,58,0,0,0.003694585090020169,6416862439263279.0,2165546154400294.0,92876634.19485229,92876634.19485229
12,58,0,1,0.0017862574743956242,6416862439263279.0,2140393967495395.8,92876634.19485229,92558228.89387181
12,58,0,2,0.00927774538303989,6416862439263279.0,2490339975489528.5,92876634.19485229,86764665.83607607
12,58,0,3,0.005659588975334416,6416862439263279.0,2112002130893055.2,92876634.19485229,48092866.88461797
12,58,0,4,0.0020265310323221816,6416862439263279.0,2651062318276400.5,92876634.19485229,92877361.96247886
12,58,0,5,0.007021833794977037,6416862439263279.0,2082546341464779.2,92876634.19485229,92879219.27013572
12,58,1,0,0.009593201451206295,6416862439263279.0,2705848330714431.5,92876634.19485229,93335546.3556581
12,58,1,1,0.003694585090020169,6416862439263279.0,2165546154400294.0,92876634.19485229,92876634.19485229
12,58,1,2,0.0017862574743956242,6416862439263279.0,2140393967495395.8,92876634.19485229,92558228.89387181
12,58,1,3,0.00927774538303989,6416862439263279.0,2490339975489528.5,92876634.19485229,86764665.83607607
12,58,1,4,0.005659588975334416,6416862439263279.0,2112002130893055.2,92876634.19485229,48092866.88461797
12,58,1,5,0.002026530838894124,6416862439263279.0,2651062277844724.5,92876634.19485229,93336300.39661925
12,58,2,0,0.003656288761599073,6416862439263279.0,2395372436765192.5,92876634.19485229,93638698.5918336
12,58,2,1,0.009593201451206295,6416862439263279.0,2705848330714431.5,92876634.19485229,93335546.3556581
12,58,2,2,0.003694585090020169,6416862439263279.0,2165546154400294.0,92876634.19485229,92876634.19485229
12,58,2,3,0.0017862574743956242,6416862439263279.0,2140393967495395.8,92876634.19485229,92558228.89387181
12,58,2,4,0.00927774538303989,6416862439263279.0,2490339975489528.5,92876634.19485229,86764665.83607607
12,58,2,5,0.005659588975334416,6416862439263279.0,2112002130893055.2,92876634.19485229,48092866.88461797
12,58,3,0,0.006154439165326029,6416862439263279.0,2599257973565418.0,92876634.19485229,99763894.32419719
12,58,3,1,0.0036358913630220946,6416862439263279.0,2395373433081593.5,92876634.19485229,93638698.5918336
12,58,3,2,0.009593201451206295,6416862439263279.0,2705848330714431.5,92876634.19485229,93335546.3556581
12,58,3,3,0.003694585090020169,6416862439263279.0,2165546154400294.0,92876634.19485229,92876634.19485229
12,58,3,4,0.0017862574743956242,6416862439263279.0,2140393967495395.8,92876634.19485229,92558228.89387181
12,58,3,5,0.00927774538303989,6416862439263279.0,2490339975489528.5,92876634.19485229,86764665.83607607
12,58,4,0,0.008077389702812524,6416862439263279.0,2471850046393191.0,92876634.19485229,101652905.02466184
12,58,4,1,0.006154439165326029,6416862439263279.0,2599259054684715.0,92876634.19485229,99763894.32419719
12,58,4,2,0.0035245798485404223,6416862439263279.0,2395381488895155.5,92876634.19485229,93638698.5918336
12,58,4,3,0.009593201451206295,6416862439263279.0,2705848330714431.5,92876634.19485229,93335546.3556581
12,58,4,4,0.003694585090020169,6416862439263279.0,2165546154400294.0,92876634.19485229,92876634.19485229
12,58,4,5,0.0017862574743956242,6416862439263279.0,2140393967495395.8,92876634.19485229,92558228.89387181
12,58,5,0,0.0011508570212230044,6416862439263279.0,2781749858418015.0,92876634.19485229,89735597.26420566
12,58,5,1,0.00811038977873696,6416862439263279.0,2471851074519224.0,92876634.19485229,101652905.02466184
12,58,5,2,0.006048664087260699,6416862439263279.0,2599267796180369.5,92876634.19485229,99763894.32419719
12,58,5,3,0.0036761033761368,6416862439263279.0,2395370763123273.0,92876634.19485229,93638698.5918336
12,58,5,4,0.009593201451206295,6416862439263279.0,2705848330714431.5,92876634.19485229,93335546.3556581
12,58,5,5,0.003694585090020169,6416862439263279.0,2165546154400294.0,92876634.19485229,92876634.19485229
12,59,0,0,0.003608916311312546,6416862439263279.0,2651075486399315.0,92558357.9171966,92558357.9171966
12,59,0,1,0.006416594507482729,6416862439263279.0,2177459335015219.8,92558357.9171966,86764677.71461053
12,59,0,2,0.002392071524307786,6416862439263279.0,2493378336718703.5,92558357.9171966,48093161.03098022
12,59,0,3,0.003687270433545324,6416862439263279.0,2084739924958429.2,92558357.9171966,92560787.63555673
12,59,0,4,0.00042948215440994383,6416862439263279.0,2608141361792734.0,92558357.9171966,92581713.86802424
12,59,0,5,0.002484727778916612,6416862439263279.0,2638357073055063.0,92558357.9171966,92583374.22800003
12,59,1,0,0.004819964852457956,6416862439263279.0,2463423335354595.0,92558357.9171966,92876651.72576043
12,59,1,1,0.003608916311312546,6416862439263279.0,2651075486399315.0,92558357.9171966,92558357.9171966
12,59,1,2,0.006416594507482729,6416862439263279.0,2177459335015219.8,92558357.9171966,86764677.71461053
12,59,1,3,0.002392071524307786,6416862439263279.0,2493378336718703.5,92558357.9171966,48093161.03098022
12,59,1,4,0.003244889622489899,6416862439263279.0,2082908986586965.2,92558357.9171966,92879219.27013572
12,59,1,5,0.0003822935291053763,6416862439263279.0,2607191622590526.0,92558357.9171966,92900217.49390508
12,59,2,0,0.006953951173670633,6416862439263279.0,2490332148937417.0,92558357.9171966,93335569.0328483
12,59,2,1,0.004819964852457956,6416862439263279.0,2463423335354595.0,92558357.9171966,92876651.72576043
12,59,2,2,0.003608916311312546,6416862439263279.0,2651075486399315.0,92558357.9171966,92558357.9171966
12,59,2,3,0.002354905733589433,6416862439263279.0,2446736512222670.0,92558357.9171966,86764677.71461053
12,59,2,4,0.002455275573217509,6416862439263279.0,2493380471974259.0,92558357.9171966,48093161.03098022
12,59,2,5,0.003109465662141252,6416862439263279.0,2082826956691462.8,92558357.9171966,93338166.88185722
12,59,3,0,0.00697630674715458,6416862439263279.0,2557028005999151.0,92558357.9171966,93638947.06455223
12,59,3,1,0.004701308987534174,6416862439263279.0,2490332148937403.0,92558357.9171966,93335569.0328483
12,59,3,2,0.004819964852457956,6416862439263279.0,2463423335354595.0,92558357.9171966,92876651.72576043
12,59,3,3,0.002264768249421516,6416862439263279.0,2651075486399314.0,92558357.9171966,92558357.9171966
12,59,3,4,0.002427059252934306,6416862439263279.0,2446730352939580.5,92558357.9171966,86764677.71461053
12,59,3,5,0.0031605293087062893,6416862439263279.0,2493376926804120.5,92558357.9171966,48093161.03098022
12,59,4,0,0.005748899479077047,6416862439263279.0,2165550431025230.0,92558357.9171966,99764034.8418103
12,59,4,1,0.002025631803403238,6416862439263279.0,2557028005999147.0,92558357.9171966,93638947.06455223
12,59,4,2,0.006953951173670633,6416862439263279.0,2490332148937417.0,92558357.9171966,93335569.0328483
12,59,4,3,0.004819964852457956,6416862439263279.0,2463423335354595.0,92558357.9171966,92876651.72576043
12,59,4,4,0.0034234866634817074,6416862439263279.0,2651070636290639.0,92558357.9171966,92558357.9171966
12,59,4,5,0.0066407740894962155,6416862439263279.0,2177463603599523.0,92558357.9171966,86764677.71461053
12,59,5,0,0.009389670867003378,6416862439263279.0,2504822828584765.0,92558357.9171966,105449696.38135764
12,59,5,1,0.005748899479077047,6416862439263279.0,2165550431025230.0,92558357.9171966,99764034.8418103
12,59,5,2,0.002025631803403238,6416862439263279.0,2557028005999147.0,92558357.9171966,93638947.06455223
12,59,5,3,0.006953951173670633,6416862439263279.0,2490332148937417.0,92558357.9171966,93335569.0328483
12,59,5,4,0.004733512951177696,6416862439263279.0,2463410181183533.0,92558357.9171966,92876651.72576043
12,59,5,5,0.003549305143649534,6416862439263279.0,2651061720578984.0,92558357.9171966,92558357.9171966
12,60,0,0,0.00013855750015075638,6416862439263279.0,2729778110564960.0,157179941.3329098,157179941.3329098
12,60,0,1,0.00041645093043700057,6416862439263279.0,3397321625279212.5,157179941.3329098,180821518.19461808
12,60,0,2,0.0028610483970557513,6416862439263279.0,3120095257733264.5,157179941.3329098,188129446.50945792
12,60,0,3,0.004922492295794132,6416862439263279.0,3623779436803357.0,157179941.3329098,196240188.42532337
12,60,0,4,0.014883540441873159,6416862439263279.0,3276617725377556.0,157179941.3329098,205966558.67671934
12,60,0,5,0.0016333448653896598,6416862439263279.0,3571332410607166.5,157179941.3329098,230672566.6253339
12,60,1,0,0.0032791799094725837,6416862439263279.0,3214834210322567.0,157179941.3329098,92558370.58891717
12,60,1,1,0.00013855750015075638,6416862439263279.0,2729778110564960.0,157179941.3329098,157179941.3329098
12,60,1,2,0.00041645093043700057,6416862439263279.0,3397321625279212.5,157179941.3329098,180821518.19461808
12,60,1,3,0.0028610477661076524,6416862439263279.0,3120095194161644.0,157179941.3329098,188129446.50945792
12,60,1,4,0.004922491663749434,6416862439263279.0,3623779362969231.5,157179941.3329098,196240188.42532337
12,60,1,5,0.014883541073044706,6416862439263279.0,3276617658616816.5,157179941.3329098,205966558.67671934
12,60,2,0,0.0005131152465169602,6416862439263279.0,2729521266415961.5,157179941.3329098,157179941.39853224
12,60,2,1,4.753808626709096e-05,6416862439263279.0,3133415519517662.0,157179941.3329098,180821518.2525358
12,60,2,2,0.00013855750015075638,6416862439263279.0,2729778110564960.0,157179941.3329098,157179941.3329098
12,60,2,3,0.00041645093043700057,6416862439263279.0,3397321625279212.5,157179941.3329098,180821518.19461808
12,60,2,4,0.002861048611118601,6416862439263279.0,3120094936837104.5,157179941.3329098,188129446.50945792
12,60,2,5,0.004922492509252023,6416862439263279.0,3623779064104240.5,157179941.3329098,196240188.42532337
12,60,3,0,0.0024109387296193463,6416862439263279.0,2729499976069689.5,157179941.3329098,157179964.60792202
12,60,3,1,0.00022719931885606116,6416862439263279.0,2504513550923589.5,157179941.3329098,180821518.30304727
12,60,3,2,0.005009384636374583,6416862439263279.0,3465726404973337.5,157179941.3329098,188129446.59179816
12,60,3,3,0.00013855750015075638,6416862439263279.0,2729778110564960.0,157179941.3329098,157179941.3329098
12,60,3,4,0.00041645093043700057,6416862439263279.0,3397321625279212.5,157179941.3329098,180821518.19461808
12,60,3,5,0.0028610493729868025,6416862439263279.0,3120094889252153.5,157179941.3329098,188129446.50945792
12,60,4,0,0.0032834671248936275,6416862439263279.0,2729475486361801.0,157179941.3329098,157179973.9820213
12,60,4,1,0.00036162883530967545,6416862439263279.0,2389815785344668.0,157179941.3329098,180821545.0033823
12,60,4,2,0.004524635116695115,6416862439263279.0,3075166040321551.5,157179941.3329098,188129446.6443511
12,60,4,3,0.005009384636374583,6416862439263279.0,3623778289656917.0,157179941.3329098,196240188.56061438
12,60,4,4,0.00013855750015075638,6416862439263279.0,2729778110564960.0,157179941.3329098,157179941.3329098
12,60,4,5,0.00041645093043700057,6416862439263279.0,3397321625279212.5,157179941.3329098,180821518.19461808
12,60,5,0,0.0007488108851034672,6416862439263279.0,2729475658518282.0,157179941.3329098,157179979.87724748
12,60,5,1,0.0005371350610649451,6416862439263279.0,3188237280674334.5,157179941.3329098,180821555.78744838
12,60,5,2,0.006293129831822546,6416862439263279.0,3075165150915928.0,157179941.3329098,188129474.42378414
12,60,5,3,0.011527555892441877,6416862439263279.0,3623777764552264.5,157179941.3329098,196240188.6154334
12,60,5,4,0.011042217898594857,6416862439263279.0,3264315374506780.5,157179941.3329098,205966559.55993
12,60,5,5,0.00013855750015075638,6416862439263279.0,2729778110564960.0,157179941.3329098,157179941.3329098
12,61,0,0,0.002400797375162109,6416862439263279.0,3182721139644814.5,231077490.91250888,231077490.91250888
12,61,0,1,0.0028138201689236783,6416862439263279.0,2678135250353205.0,231077490.91250888,232163888.93942836
12,61,0,2,0.00783452128923609,6416862439263279.0,2342501771671932.0,231077490.91250888,232252154.641288
12,61,0,3,0.004873251715013109,6416862439263279.0,2878224917849493.5,231077490.91250888,234295119.68233818
12,61,0,4,0.005441645043162875,6416862439263279.0,2091249140272149.0,231077490.91250888,234367078.27791196
12,61,0,5,0.0061726791922598915,6416862439263279.0,2467823404586776.0,231077490.91250888,234428164.89808437
12,61,1,0,0.002873640189781545,6416862439263279.0,3040573149873881.0,231077490.91250888,230672568.51230064
12,61,1,1,0.002400797375162109,6416862439263279.0,3182721139644814.5,231077490.91250888,231077490.91250888
12,61,1,2,0.0028138218614209625,6416862439263279.0,2678135473752036.0,231077490.91250888,232163888.93942836
12,61,1,3,0.0078345229817839,6416862439263279.0,2342501967073645.5,231077490.91250888,232252154.641288
12,61,1,4,0.004873251701652508,6416862439263279.0,2878225157938962.0,231077490.91250888,234295119.68233818
12,61,1,5,0.005441645057610255,6416862439263279.0,2091249314715358.0,231077490.91250888,234367078.27791196
12,61,2,0,0.003104587855146297,6416862439263279.0,3416769414726691.5,231077490.91250888,205966559.41793326
12,61,2,1,0.002873640189781545,6416862439263279.0,3040573149873881.0,231077490.91250888,230672568.51230064
12,61,2,2,0.002400797375162109,6416862439263279.0,3182721139644814.5,231077490.91250888,231077490.91250888
12,61,2,3,0.002813822492922905,6416862439263279.0,2678135419185309.0,231077490.91250888,232163888.93942836
12,61,2,4,0.007834523613108114,6416862439263279.0,2342501919345410.0,231077490.91250888,232252154.641288
12,61,2,5,0.004873251692873283,6416862439263279.0,2878225099295428.5,231077490.91250888,234295119.68233818
12,61,3,0,0.013183537195760502,6416862439263279.0,3623779393286894.0,231077490.91250888,196240188.47472462
12,61,3,1,0.003104587855146297,6416862439263279.0,3416769414726691.5,231077490.91250888,205966559.41793326
12,61,3,2,0.002873640189781545,6416862439263279.0,3040573149873881.0,231077490.91250888,230672568.51230064
12,61,3,3,0.002400797375162109,6416862439263279.0,3182721139644814.5,231077490.91250888,231077490.91250888
12,61,3,4,0.0028138216472629956,6416862439263279.0,2678135198310689.5,231077490.91250888,232163888.93942836
12,61,3,5,0.007834522767740323,6416862439263279.0,2342501726151564.5,231077490.91250888,232252154.641288
12,61,4,0,0.0053763097649452835,6416862439263279.0,3075167464050857.0,231077490.91250888,188129446.5315398
12,61,4,1,0.013183537195760502,6416862439263279.0,3623779393286894.0,231077490.91250888,196240188.47472462
12,61,4,2,0.003104587855146297,6416862439263279.0,3416769414726691.5,231077490.91250888,205966559.41793326
12,61,4,3,0.002873640189781545,6416862439263279.0,3040573149873881.0,231077490.91250888,230672568.51230064
12,61,4,4,0.002400797375162109,6416862439263279.0,3182721139644814.5,231077490.91250888,231077490.91250888
12,61,4,5,0.0028138231613060558,6416862439263279.0,2678135157466126.5,231077490.91250888,232163888.93942836
12,61,5,0,0.0005587734769836447,6416862439263279.0,3164719846623524.0,231077490.91250888,180821518.2275546
12,61,5,1,0.0053763097649452835,6416862439263279.0,3075167464050857.0,231077490.91250888,188129446.5315398
12,61,5,2,0.013183537195760502,6416862439263279.0,3623779393286894.0,231077490.91250888,196240188.47472462
12,61,5,3,0.003104587855146297,6416862439263279.0,3416769414726691.5,231077490.91250888,205966559.41793326
12,61,5,4,0.002873640189781545,6416862439263279.0,3040573149873881.0,231077490.91250888,230672568.51230064
12,61,5,5,0.002400797375162109,6416862439263279.0,3182721139644814.5,231077490.91250888,231077490.91250888
12,62,0,0,0.00034932361220511567,6416862439263279.0,2014155908748804.0,234875231.4993292,234875231.4993292
12,62,0,1,0.003066294662969979,6416862439263279.0,2868850849476303.0,234875231.4993292,234823759.7901143
12,62,0,2,0.0051836471464086565,6416862439263279.0,1909409811285061.0,234875231.4993292,234025230.380429
12,62,0,3,0.0026321733475877717,6416862439263279.0,2463212248711803.0,234875231.4993292,231728393.5342804
12,62,0,4,0.003909201110470043,6416862439263279.0,2614235868816040.0,234875231.4993292,211337083.65798748
12,62,0,5,0.003500918515767622,6416862439263279.0,2502529354959313.0,234875231.4993292,181658104.0023239
12,62,1,0,0.0060690272436217454,6416862439263279.0,2303612208735211.0,234875231.4993292,234428932.05668527
12,62,1,1,0.00034932361220511567,6416862439263279.0,2014155908748804.0,234875231.4993292,234875231.4993292
12,62,1,2,0.0030662946514655835,6416862439263279.0,2868850849481488.0,234875231.4993292,234823759.7901143
12,62,1,3,0.0051836471464086565,6416862439263279.0,1909409811285061.0,234875231.4993292,234025230.380429
12,62,1,4,0.0026321733475877717,6416862439263279.0,2463212248711803.0,234875231.4993292,231728393.5342804
12,62,1,5,0.003909201110470043,6416862439263279.0,2614235868816040.0,234875231.4993292,211337083.65798748
12,62,2,0,0.00541117246749062,6416862439263279.0,2513387580411942.5,234875231.4993292,234368769.9798094
12,62,2,1,0.006069028122064177,6416862439263279.0,2303612208731047.5,234875231.4993292,234428932.05668527
12,62,2,2,0.00034932361220511567,6416862439263279.0,2014155908748804.0,234875231.4993292,234875231.4993292
12,62,2,3,0.0030662946514655835,6416862439263279.0,2868850849481488.0,234875231.4993292,234823759.7901143
12,62,2,4,0.0051836471464086565,6416862439263279.0,1909409811285061.0,234875231.4993292,234025230.380429
12,62,2,5,0.0026321733475877717,6416862439263279.0,2463212248711803.0,234875231.4993292,231728393.5342804
12,62,3,0,0.004322876164581437,6416862439263279.0,2094659252658312.8,234875231.4993292,234295124.0456113
12,62,3,1,0.0054111733272143294,6416862439263279.0,2513387580407398.5,234875231.4993292,234368769.9798094
12,62,3,2,0.0060690272436217454,6416862439263279.0,2303612208735211.0,234875231.4993292,234428932.05668527
12,62,3,3,0.00034932361220511567,6416862439263279.0,2014155908748804.0,234875231.4993292,234875231.4993292
12,62,3,4,0.0030662946514655835,6416862439263279.0,2868850849481488.0,234875231.4993292,234823759.7901143
12,62,3,5,0.0051836471464086565,6416862439263279.0,1909409811285061.0,234875231.4993292,234025230.380429
12,62,4,0,0.00783166626933096,6416862439263279.0,2692122853422414.5,234875231.4993292,232252155.6180128
12,62,4,1,0.004322876424232129,6416862439263279.0,2094659252654529.0,234875231.4993292,234295124.0456113
12,62,4,2,0.00541117246749062,6416862439263279.0,2513387580411942.5,234875231.4993292,234368769.9798094
12,62,4,3,0.0060690272436217454,6416862439263279.0,2303612208735211.0,234875231.4993292,234428932.05668527
12,62,4,4,0.00034932361220511567,6416862439263279.0,2014155908748804.0,234875231.4993292,234875231.4993292
12,62,4,5,0.0030662946514655835,6416862439263279.0,2868850849481488.0,234875231.4993292,234823759.7901143
12,62,5,0,0.0026435445588934466,6416862439263279.0,2457519435485526.5,234875231.4993292,232163888.94097513
12,62,5,1,0.007831666532333866,6416862439263279.0,2692122853417549.5,234875231.4993292,232252155.6180128
12,62,5,2,0.004322876164581437,6416862439263279.0,2094659252658312.8,234875231.4993292,234295124.0456113
12,62,5,3,0.00541117246749062,6416862439263279.0,2513387580411942.5,234875231.4993292,234368769.9798094
12,62,5,4,0.0060690272436217454,6416862439263279.0,2303612208735211.0,234875231.4993292,234428932.05668527
12,62,5,5,0.00034932361220511567,6416862439263279.0,2014155908748804.0,234875231.4993292,234875231.4993292
12,63,0,0,0.005184368239358588,6416862439263279.0,2222280016359567.5,181659476.04480538,181659476.04480538
12,63,0,1,0.0066392652999087845,6416862439263279.0,2577990948376364.0,181659476.04480538,161747481.07194442
12,63,0,2,0.002439857973323506,6416862439263279.0,2781154172125541.5,181659476.04480538,122418130.48919865
12,63,0,3,0.0006477929038341386,6416862439263279.0,2522137345194685.5,181659476.04480538,122395160.50695133
12,63,0,4,0.007972384205829781,6416862439263279.0,2812252159265637.5,181659476.04480538,121928197.87522832
12,63,0,5,0.005736980791657795,6416862439263279.0,2241064274417617.8,181659476.04480538,111753133.2618531
12,63,1,0,0.003478019673046014,6416862439263279.0,2821393011330446.0,181659476.04480538,211337200.19286403
12,63,1,1,0.005184368228593332,6416862439263279.0,2222280016363584.0,181659476.04480538,181659476.04480538
12,63,1,2,0.00663926529808764,6416862439263279.0,2577990948381023.0,181659476.04480538,161747481.07194442
12,63,1,3,0.0024401545056136117,6416862439263279.0,2502491312651424.5,181659476.04480538,122418130.48919865
12,63,1,4,0.0006399313306074864,6416862439263279.0,2522137345180562.5,181659476.04480538,122395160.50695133
12,63,1,5,0.007974355636795098,6416862439263279.0,2812252159250045.0,181659476.04480538,121928197.87522832
12,63,2,0,0.003936888112974819,6416862439263279.0,2139141420956354.5,181659476.04480538,231728743.75888017
12,63,2,1,0.00347801966165703,6416862439263279.0,2821393011325346.5,181659476.04480538,211337200.19286403
12,63,2,2,0.005184368239358588,6416862439263279.0,2222280016359567.5,181659476.04480538,181659476.04480538
12,63,2,3,0.006639137343543798,6416862439263279.0,2577990947372911.5,181659476.04480538,161747481.07194442
12,63,2,4,0.002432327323674925,6416862439263279.0,2502491312646711.0,181659476.04480538,122418130.48919865
12,63,2,5,0.0006423862187211287,6416862439263279.0,2522137345175920.0,181659476.04480538,122395160.50695133
12,63,3,0,0.0026558604972537476,6416862439263279.0,2463212506220481.0,181659476.04480538,234025318.47195968
12,63,3,1,0.003956488736182659,6416862439263279.0,1763321149146366.2,181659476.04480538,231728743.75888017
12,63,3,2,0.0034774222060236916,6416862439263279.0,2821393013016928.5,181659476.04480538,341436229.3120125
12,63,3,3,0.0051843614179378945,6416862439263279.0,2222280016343145.0,181659476.04480538,181659476.04480538
12,63,3,4,0.00665482933232726,6416862439263279.0,2139150419081429.0,181659476.04480538,161747481.07194442
12,63,3,5,0.0024323441029726403,6416862439263279.0,2502491312646693.0,181659476.04480538,122418130.48919865
12,63,4,0,0.005096518441032043,6416862439263279.0,2614235392128893.0,181659476.04480538,234823763.1958586
12,63,4,1,0.002636273524235379,6416862439263279.0,2463212506220508.0,181659476.04480538,234025318.47195968
12,63,4,2,0.003936728756365742,6416862439263279.0,2781189885852558.0,181659476.04480538,435577746.0424485
12,63,4,3,0.0034780313871723718,6416862439263279.0,2821393011325411.0,181659476.04480538,211337200.19286403
12,63,4,4,0.00518436538941534,6416862439263279.0,2614236903249249.5,181659476.04480538,181659476.04480538
12,63,4,5,0.006654831369626254,6416862439263279.0,2614247399596505.0,181659476.04480538,161747481.07194442
12,63,5,0,0.0031625144292853073,6416862439263279.0,2148314629322240.5,181659476.04480538,234875297.6220535
12,63,5,1,0.005096518441032043,6416862439263279.0,2614235392128921.0,181659476.04480538,234823763.1958586
12,63,5,2,0.00264839358985966,6416862439263279.0,2781187333372675.0,181659476.04480538,454207353.29328084
12,63,5,3,0.003936897219631172,6416862439263279.0,1902669228383208.2,181659476.04480538,231728743.75888017
12,63,5,4,0.003478026841447851,6416862439263279.0,2821393011325232.5,181659476.04480538,211337200.19286403
12,63,5,5,0.005184370802104573,6416862439263279.0,2222280016343144.0,181659476.04480538,181659476.04480538
12,64,0,0,0.00832054485065636,6416862439263279.0,2544678783902089.0,737379271.5476863,737379271.5476863
12,64,0,1,0.003775628420747219,6416862439263279.0,2781401862998900.0,737379271.5476863,2000928545.7471445
12,64,0,2,0.0036818047694161917,6416862439263279.0,2301077968437095.5,737379271.5476863,3158185708.7131157
12,64,0,3,0.001966224668389213,6416862439263279.0,2241046016812746.0,737379271.5476863,737379271.5476863
12,64,0,4,0.004777963222289663,6416862439263279.0,2174791114758102.0,737379271.5476863,737379271.5476863
12,64,0,5,0.0005720493996204005,6416862439263279.0,2015336726015129.0,737379271.5476863,737379271.5476863
12,64,1,0,0.0057487448331669565,6416862439263279.0,2502498669616496.0,737379271.5476863,737379271.5476863
12,64,1,1,0.00832054485065636,6416862439263279.0,2544678783902089.0,737379271.5476863,737379271.5476863
12,64,1,2,0.003775628420747219,6416862439263279.0,2781401862998900.0,737379271.5476863,2000928545.7471445
12,64,1,3,0.003681799080093334,6416862439263279.0,2301077968437205.0,737379271.5476863,737379271.5476863
12,64,1,4,0.001966224668389213,6416862439263279.0,2241046016812746.0,737379271.5476863,737379271.5476863
12,64,1,5,0.004777963222289663,6416862439263279.0,2174791114758102.0,737379271.5476863,737379271.5476863
12,64,2,0,0.008014735405952123,6416862439263279.0,2812252164246231.0,737379271.5476863,737379271.5476863
12,64,2,1,0.005748744319203092,6416862439263279.0,2502498669616221.0,737379271.5476863,2000928545.7471445
12,64,2,2,0.00832054485065636,6416862439263279.0,2544678783902089.0,737379271.5476863,737379271.5476863
12,64,2,3,0.003775630084029774,6416862439263279.0,2781401862999207.5,737379271.5476863,737379271.5476863
12,64,2,4,0.003681799080093334,6416862439263279.0,2301077968437205.0,737379271.5476863,737379271.5476863
12,64,2,5,0.001966224668389213,6416862439263279.0,2241046016812746.0,737379271.5476863,737379271.5476863
12,64,3,0,0.0006877161153406803,6416862439263279.0,2821349752934450.5,737379271.5476863,737379271.5476863
12,64,3,1,0.008014732891861045,6416862439263279.0,2812252164245919.0,737379271.5476863,2000928545.7471445
12,64,3,2,0.005748749467684142,6416862439263279.0,2502498669616379.5,737379271.5476863,3158185708.7131157
12,64,3,3,0.00832054485065636,6416862439263279.0,2544678783902089.0,737379271.5476863,737379271.5476863
12,64,3,4,0.003775630084029774,6416862439263279.0,2781401862999207.5,737379271.5476863,737379271.5476863
12,64,3,5,0.003681799080093334,6416862439263279.0,2301077968437205.0,737379271.5476863,737379271.5476863
12,64,4,0,0.0024101235728990252,6416862439263279.0,2544610351168232.0,737379271.5476863,737379271.5476863
12,64,4,1,0.0006852498969286067,6416862439263279.0,2821349752887791.0,737379271.5476863,2000928545.7471445
12,64,4,2,0.008014738038051188,6416862439263279.0,2812252164246096.0,737379271.5476863,3158185708.7131157
12,64,4,3,0.0057487448331669565,6416862439263279.0,2502498669616496.0,737379271.5476863,737379271.5476863
12,64,4,4,0.00832054485065636,6416862439263279.0,2544678783902089.0,737379271.5476863,737379271.5476863
12,64,4,5,0.003775630084029774,6416862439263279.0,2781401862999207.5,737379271.5476863,737379271.5476863
12,64,5,0,0.00663021719960032,6416862439263279.0,2544653954458307.5,737379271.5476863,781834911.3535845
12,64,5,1,0.0023988547485950125,6416862439263279.0,2061868123765320.0,737379271.5476863,2000928545.7471445
12,64,5,2,0.0006852447500089493,6416862439263279.0,2821349752816858.0,737379271.5476863,3158185708.7131157
12,64,5,3,0.008014735405952123,6416862439263279.0,2812252164246231.0,737379271.5476863,737379271.5476863
12,64,5,4,0.0057487448331669565,6416862439263279.0,2502498669616496.0,737379271.5476863,737379271.5476863
12,64,5,5,0.00832054485065636,6416862439263279.0,2544678783902089.0,737379271.5476863,737379271.5476863
